<symbol id="txt">
         <g transform="translate(-296.8793,-80.569207)" >
           <g>
             <path
                d="m 317.36876,99.035864 q -0.0289,0.01445 -0.0578,0.01445 -0.0289,0 -0.11559,0 -0.20227,0 -0.47677,-0.07224 -0.26006,-0.05779 -0.52012,-0.158926 -0.24562,-0.08669 -0.43344,-0.202269 -0.17337,-0.115582 -0.21671,-0.202269 -0.0145,-0.202268 -0.0145,-0.418985 0,-0.216717 0,-0.418986 0,-1.618152 0.23116,-3.380781 0.24562,-1.76263 0.79463,-3.814215 0.0578,-0.202269 0.11558,-0.505673 0.0722,-0.317851 0.14448,-0.679045 -0.34675,0.274508 -0.82352,0.881314 -0.47678,0.59236 -1.01135,1.415883 -0.52012,0.809076 -1.05469,1.791525 -0.52012,0.968002 -0.95355,1.979347 -0.43343,0.996897 -0.75128,1.979346 -0.30341,0.982449 -0.37565,1.820421 -0.69349,-0.202269 -0.968,-0.404538 -0.26006,-0.202269 -0.26006,-0.491225 0,-0.26006 0.15893,-0.736837 0.15892,-0.476777 0.44788,-1.126927 0.28895,-0.65015 0.70794,-1.444778 0.41899,-0.809076 0.92466,-1.733734 0.57791,-1.054688 1.12693,-1.979347 0.56346,-0.924658 1.09803,-1.675942 0.53457,-0.751285 1.04024,-1.300301 0.52012,-0.549016 1.02579,-0.837971 0.20227,0 0.53457,0.101134 0.34675,0.101135 0.6646,0.245612 0.3323,0.144478 0.57791,0.303404 0.26006,0.144478 0.28895,0.245612 -0.20227,0.404538 -0.47677,1.213614 -0.27451,0.809076 -0.56347,1.834868 -0.2745,1.025793 -0.53456,2.181616 -0.24562,1.141375 -0.3901,2.196063 0.3323,-0.794628 0.76574,-1.647047 0.44788,-0.866867 0.9391,-1.704839 0.49123,-0.852419 0.9969,-1.647047 0.52012,-0.794628 1.01135,-1.444779 0.49122,-0.664598 0.91021,-1.155822 0.43343,-0.491225 0.76573,-0.722389 0.20227,0 0.53457,0.101134 0.34674,0.101135 0.66459,0.245612 0.3323,0.144478 0.57792,0.303404 0.26006,0.144478 0.28895,0.245612 -0.46233,0.823524 -0.80907,2.008242 -0.34675,1.184718 -0.59236,2.485019 -0.23117,1.3003 -0.3612,2.586153 -0.11558,1.271405 -0.11558,2.28275 0,0.332299 0,0.693493 0,0.361195 0.0289,0.751285 -0.20226,0 -0.49122,-0.05779 -0.27451,-0.04334 -0.54902,-0.13003 -0.26006,-0.08669 -0.47677,-0.202269 -0.21672,-0.101134 -0.30341,-0.231165 -0.0144,-0.202268 -0.0144,-0.418985 0,-0.216717 0,-0.418986 0,-1.618152 0.23116,-3.380781 0.24561,-1.76263 0.79463,-3.814215 0.0578,-0.202269 0.13003,-0.549016 0.0722,-0.346747 0.14448,-0.722389 -0.40454,0.202269 -0.92466,0.78018 -0.50567,0.563464 -1.04024,1.386987 -0.52012,0.809076 -1.04024,1.805973 -0.50567,0.996897 -0.92466,2.037138 -0.40454,1.025792 -0.69349,2.051585 -0.27451,1.011345 -0.3323,1.863764 z" />
             <path
                d="m 329.56291,92.129824 q 0.14448,0 0.3323,0.05779 0.20227,0.04334 0.3612,0.13003 0.15892,0.07224 0.26006,0.158925 0.11558,0.08669 0.11558,0.158926 -0.28896,0.606807 -0.53457,1.228062 -0.24561,0.606807 -0.41899,1.17027 -0.17337,0.563464 -0.2745,1.054688 -0.0867,0.491225 -0.0867,0.85242 0,0.404538 0.0867,0.679045 0.0867,0.260061 0.28895,0.375643 -0.17337,0.115582 -0.44788,0.187821 -0.27451,0.07224 -0.49122,0.07224 -0.78018,0 -0.78018,-1.069136 0,-0.823524 0.54901,-2.253854 -0.28895,0.664598 -0.6646,1.256957 -0.37564,0.577911 -0.76573,1.025792 -0.39009,0.447882 -0.79463,0.736837 -0.39009,0.274508 -0.72239,0.332299 -0.53456,-0.02889 -0.86686,-0.505672 -0.3323,-0.491225 -0.3323,-1.242509 0,-0.809076 0.34674,-1.704839 0.34675,-0.895762 0.88132,-1.661495 0.54901,-0.765732 1.18472,-1.271405 0.6357,-0.52012 1.22806,-0.549016 0.14448,0.04334 0.31785,0.173374 0.18782,0.13003 0.34675,0.303403 0.17337,0.173374 0.28895,0.361195 0.11558,0.173373 0.13003,0.303403 -0.57791,0.08669 -1.19916,0.563464 -0.60681,0.476777 -1.11248,1.155823 -0.49123,0.664598 -0.80908,1.43033 -0.31785,0.765733 -0.31785,1.430331 0,0.274508 0.20227,0.346746 0.41898,-0.08669 0.968,-0.707941 0.54902,-0.635702 1.3292,-1.950451 0.14447,-0.26006 0.31785,-0.577911 0.18782,-0.317851 0.37564,-0.664598 0.18782,-0.346747 0.36119,-0.693494 0.18783,-0.361194 0.34675,-0.693493 z" />
             <path
                d="m 336.75497,95.727322 q -0.3323,1.054688 -0.6646,1.921555 -0.33229,0.866867 -0.70794,1.589256 -0.37564,0.736837 -0.80907,1.343647 -0.43344,0.62125 -0.95356,1.17027 -0.66459,0.69349 -1.37254,1.05469 -0.70794,0.37564 -1.41588,0.37564 -0.36119,0 -0.72239,-0.0867 -0.34674,-0.0722 -0.65015,-0.21672 -0.31785,-0.13003 -0.54901,-0.31785 -0.24562,-0.17337 -0.34675,-0.37564 0,-0.17337 0.20227,-0.3034 0.17337,0.15892 0.28895,0.24561 0.11559,0.0867 0.23117,0.14448 0.10113,0.0578 0.23116,0.0722 0.11559,0.0144 0.27451,0.0144 0.82352,0 1.60371,-0.49122 0.79462,-0.47678 1.48812,-1.37254 0.70794,-0.881314 1.28585,-2.152719 0.57791,-1.256958 0.98245,-2.817318 -0.18782,0.288955 -0.46233,0.707941 -0.27451,0.418986 -0.60681,0.837972 -0.3323,0.404538 -0.69349,0.736837 -0.34675,0.332299 -0.67905,0.447881 -0.23116,-0.01445 -0.49122,-0.101135 -0.24561,-0.07224 -0.47678,-0.216716 -0.21671,-0.144478 -0.39009,-0.346747 -0.17337,-0.202269 -0.23116,-0.462329 0,-0.418986 0.0289,-0.664598 0.0289,-0.26006 0.10114,-0.563464 0.13003,-0.549016 0.37564,-1.242509 0.26006,-0.693494 0.59236,-1.358092 0.34675,-0.679046 0.75128,-1.256957 0.41899,-0.592359 0.86687,-0.924658 0.11558,0 0.28896,0.0289 0.17337,0.01445 0.36119,0.07224 0.18782,0.05779 0.3612,0.144478 0.17337,0.07224 0.3034,0.202269 -0.15893,0.144478 -0.69349,0.968002 -0.53457,0.823523 -1.18472,2.369436 -0.0722,0.158926 -0.17338,0.462329 -0.10113,0.303404 -0.20227,0.635703 -0.0867,0.332299 -0.15892,0.65015 -0.0722,0.317851 -0.0722,0.505672 0,0.115583 0.0289,0.173374 0.0433,0.05779 0.0722,0.08669 0.26006,-0.04334 0.6935,-0.418985 0.43343,-0.39009 0.98245,-1.199166 0.34674,-0.520121 0.6357,-1.025793 0.28896,-0.52012 0.56346,-1.04024 0.28896,-0.520121 0.59236,-1.069136 0.30341,-0.549016 0.65015,-1.126927 0.18782,0 0.40454,0.04334 0.21672,0.04334 0.41899,0.115582 0.20227,0.05779 0.34674,0.144478 0.15893,0.07224 0.23117,0.158926 -0.44788,0.953553 -0.83797,1.863764 -0.39009,0.91021 -0.6935,1.863764 z" />
             <path
                d="m 342.67224,92.433227 q -0.0722,-0.08669 -0.13003,-0.361194 -0.0578,-0.288956 -0.0578,-0.491225 0.37564,0.02889 0.72239,0.05779 0.34675,0.01445 0.6357,0.0289 0.21672,-0.433434 0.46233,-0.85242 0.26006,-0.433433 0.49123,-0.78018 0.24561,-0.361195 0.44788,-0.606807 0.21671,-0.245612 0.3323,-0.317851 0.14447,0 0.36119,0.05779 0.23117,0.04334 0.46233,0.13003 0.23117,0.07224 0.41899,0.158926 0.18782,0.08669 0.26006,0.173373 -0.43344,0.549016 -0.75129,1.025793 -0.3034,0.462329 -0.6646,1.069136 0.28896,0 0.57792,-0.01445 0.3034,-0.01445 0.6068,-0.04334 0.0722,0.07224 0.11558,0.187821 0.0433,0.101134 0.0433,0.216717 -0.70794,0.26006 -1.71929,0.288955 -0.36119,0.693494 -0.65015,1.386987 -0.27451,0.679046 -0.47678,1.314749 -0.18782,0.635702 -0.3034,1.199166 -0.10113,0.563463 -0.10113,1.011345 0,0.635702 0.47677,0.707941 0.43344,-0.05779 0.82353,-0.216717 0.39009,-0.158925 0.69349,-0.404538 0.0867,0.13003 0.10113,0.216717 -0.0867,0.13003 -0.3034,0.303404 -0.20227,0.173373 -0.44788,0.332299 -0.24561,0.173373 -0.47678,0.288955 -0.23116,0.115582 -0.34674,0.13003 -0.3612,-0.01445 -0.72239,-0.158925 -0.3612,-0.144478 -0.6646,-0.361195 -0.28896,-0.216717 -0.47678,-0.476777 -0.18782,-0.274508 -0.18782,-0.534568 0,-0.346747 0.0867,-0.866867 0.10113,-0.534568 0.27451,-1.155822 0.17337,-0.621255 0.40453,-1.300301 0.23117,-0.679046 0.50568,-1.343644 z" />
             <path
                d="m 346.88468,97.721116 q 0,-0.505673 0.10113,-1.184718 0.10113,-0.693494 0.28896,-1.473674 0.20226,-0.780181 0.46232,-1.6326 0.27451,-0.852419 0.60681,-1.704838 0.28896,-0.765733 0.6646,-1.545913 0.39009,-0.78018 0.83797,-1.531465 0.44788,-0.751285 0.92466,-1.430331 0.49122,-0.679046 0.98245,-1.242509 0.23116,0 0.49122,0.05779 0.27451,0.05779 0.52012,0.158926 0.26006,0.08669 0.46233,0.216716 0.21672,0.13003 0.34675,0.260061 -1.08358,1.112479 -1.95045,2.253854 -0.86687,1.126927 -1.37254,2.123824 -0.27451,0.549016 -0.50567,1.025793 -0.21672,0.476776 -0.40454,0.953553 -0.18782,0.462329 -0.34675,0.939106 -0.14448,0.462329 -0.27451,0.982449 2.77398,-3.539706 4.11762,-3.539706 0.37564,0 0.80908,0.245612 0.43343,0.245612 0.76573,0.664598 -0.44788,0.491225 -0.92466,1.184718 -0.47677,0.693494 -0.88131,1.401435 -0.39009,0.693494 -0.65015,1.300301 -0.24561,0.592359 -0.24561,0.881314 0,0.144478 0.0433,0.202269 0.0433,0.04334 0.18782,0.04334 0.21672,0 0.34675,-0.05779 0.13003,-0.05779 0.15892,-0.05779 0.0722,0.115583 0.0867,0.158926 0.0145,0.04334 0.0145,0.07224 0,0.05779 -0.17338,0.173373 -0.17337,0.101135 -0.41898,0.216717 -0.23117,0.101135 -0.46233,0.187821 -0.23117,0.08669 -0.34675,0.08669 -0.14448,0 -0.28895,-0.08669 -0.14448,-0.07224 -0.26006,-0.202269 -0.10114,-0.13003 -0.17338,-0.288955 -0.0578,-0.158926 -0.0578,-0.332299 0,-0.216717 0.11558,-0.635703 0.13003,-0.433433 0.34675,-0.996897 0.21672,-0.577911 0.52012,-1.256957 0.3034,-0.679046 0.65015,-1.386987 0,-0.05779 -0.0578,-0.05779 -0.0433,0 -0.23116,0.115582 -0.17338,0.115582 -0.3323,0.231164 -0.52012,0.390091 -1.05469,0.968002 -0.52012,0.563463 -1.02579,1.242509 -0.49123,0.679046 -0.93911,1.444779 -0.43343,0.751284 -0.75129,1.517017 -0.0433,0.101134 -0.13003,0.187821 -0.0867,0.08669 -0.14447,0.08669 -0.0433,0 -0.13003,-0.101135 -0.0722,-0.101134 -0.14448,-0.26006 -0.0578,-0.144478 -0.11558,-0.303403 -0.0578,-0.158926 -0.0578,-0.274508 z" />
             <path
                d="m 359.54929,91.985346 q -0.0578,0.895762 -0.31786,1.545913 -0.26006,0.635702 -0.75128,1.126927 -0.47678,0.476777 -1.17027,0.866867 -0.69349,0.39009 -1.61815,0.751285 0,0.08669 -0.0145,0.187821 0,0.08669 0,0.187821 0,0.187821 0.0289,0.39009 0.0289,0.202269 0.10113,0.375642 0.0722,0.173374 0.20227,0.288956 0.13003,0.101135 0.3323,0.101135 0.39009,0 0.76573,-0.173374 0.37564,-0.173373 0.70794,-0.418986 0.34675,-0.26006 0.6357,-0.549015 0.30341,-0.303404 0.53457,-0.549016 0.14448,0.13003 0.24561,0.245612 -0.65015,0.866867 -1.43033,1.444779 -0.76573,0.563463 -1.45922,0.722389 -0.9969,-0.115583 -1.56036,-0.722389 -0.54902,-0.621255 -0.54902,-1.488122 0,-0.592359 0.15893,-1.199166 0.17337,-0.621255 0.46233,-1.184718 0.3034,-0.577912 0.69349,-1.083584 0.40454,-0.505673 0.85242,-0.881315 0.46233,-0.375642 0.9391,-0.592359 0.49123,-0.216717 0.96801,-0.216717 0.66459,0.08669 1.24251,0.823524 z m -0.9969,0.476777 q -0.39009,0.05779 -0.80908,0.317851 -0.41898,0.26006 -0.79463,0.693494 -0.36119,0.433433 -0.66459,1.011344 -0.30341,0.577912 -0.47678,1.24251 1.15582,-0.577912 1.92155,-1.415883 0.76574,-0.852419 0.82353,-1.849316 z" />
             <path
                d="m 363.31406,97.677773 q 0.0722,-0.418986 0.24562,-1.098032 0.18782,-0.693494 0.43343,-1.459226 0.24561,-0.78018 0.52012,-1.560361 0.27451,-0.78018 0.53457,-1.401435 0.18782,-0.447881 0.3323,-0.693493 0.14448,-0.26006 0.31785,-0.433434 0.20227,0.0289 0.41898,0.101135 0.21672,0.07224 0.41899,0.173373 0.20227,0.101135 0.3612,0.216717 0.15892,0.101134 0.24561,0.202269 -0.39009,0.462329 -0.6935,1.054688 -0.28895,0.592359 -0.59236,1.517017 0.78018,-0.693493 1.37254,-1.329196 0.60681,-0.635702 1.12693,-1.415883 0.0867,-0.07224 0.3034,-0.07224 0.20227,0 0.39009,0.07224 0.18783,0.05779 0.26006,0.173374 -0.26006,0.693493 -0.26006,1.372539 0,0.635703 0.18783,0.953554 -0.0145,0.08669 -0.20227,0.332299 -0.17338,0.245612 -0.39009,0.462329 -0.39009,-0.202269 -0.6935,-0.549016 -0.3034,-0.361194 -0.44788,-0.78018 -0.67904,0.476777 -1.15582,0.939106 -0.47678,0.447881 -0.82352,1.011345 -0.3323,0.549015 -0.57792,1.271405 -0.23116,0.722389 -0.44788,1.719286 -0.13003,-0.01445 -0.31785,-0.101135 -0.17337,-0.07224 -0.36119,-0.187821 -0.17338,-0.115582 -0.31785,-0.245612 -0.14448,-0.13003 -0.18783,-0.245612 z" />
             <path
                d="m 371.17862,98.472401 q -0.82352,-0.08669 -1.31475,-0.72239 -0.49122,-0.635702 -0.49122,-1.618151 0,-0.577912 0.17337,-1.199166 0.17338,-0.621255 0.49123,-1.199166 0.31785,-0.592359 0.75128,-1.11248 0.43344,-0.52012 0.93911,-0.895762 0.79463,-0.592359 1.48812,-0.592359 0.46233,0.245612 0.91021,1.025792 0.0722,0 0.13003,0 0.0578,-0.01445 0.13003,-0.01445 0.76573,0 0.76573,1.358092 0,0.91021 -0.3034,1.733734 -0.28896,0.809076 -0.82352,1.473674 -0.52012,0.664598 -1.25696,1.126927 -0.72239,0.447881 -1.58926,0.635703 z m 0.73684,-4.551052 q -0.24561,0.332299 -0.46233,0.722389 -0.21672,0.39009 -0.37564,0.794628 -0.15893,0.39009 -0.24561,0.765733 -0.0867,0.361194 -0.0867,0.65015 0,0.346747 0.11558,0.664598 0.11558,0.317851 0.26006,0.361195 0.65015,-0.144478 1.18472,-0.534568 0.54902,-0.404538 0.93911,-0.996898 0.40453,-0.592359 0.62125,-1.343643 0.23117,-0.751285 0.23117,-1.603704 0,-0.375643 -0.0434,-0.592359 -0.0433,-0.216717 -0.14448,-0.375643 -0.6357,0.187821 -1.14137,0.606807 -0.49123,0.418986 -0.85242,0.881315 z" />
             <path
                d="m 380.83561,92.129824 q 0.14448,0 0.3323,0.05779 0.20227,0.04334 0.3612,0.13003 0.15892,0.07224 0.26006,0.158925 0.11558,0.08669 0.11558,0.158926 -0.28896,0.606807 -0.53457,1.228062 -0.24561,0.606807 -0.41899,1.17027 -0.17337,0.563464 -0.2745,1.054688 -0.0867,0.491225 -0.0867,0.85242 0,0.404538 0.0867,0.679045 0.0867,0.260061 0.28895,0.375643 -0.17337,0.115582 -0.44788,0.187821 -0.27451,0.07224 -0.49122,0.07224 -0.78018,0 -0.78018,-1.069136 0,-0.823524 0.54901,-2.253854 -0.28895,0.664598 -0.6646,1.256957 -0.37564,0.577911 -0.76573,1.025792 -0.39009,0.447882 -0.79463,0.736837 -0.39009,0.274508 -0.72239,0.332299 -0.53456,-0.02889 -0.86686,-0.505672 -0.3323,-0.491225 -0.3323,-1.242509 0,-0.809076 0.34674,-1.704839 0.34675,-0.895762 0.88132,-1.661495 0.54902,-0.765732 1.18472,-1.271405 0.6357,-0.52012 1.22806,-0.549016 0.14448,0.04334 0.31785,0.173374 0.18782,0.13003 0.34675,0.303403 0.17337,0.173374 0.28895,0.361195 0.11559,0.173373 0.13003,0.303403 -0.57791,0.08669 -1.19916,0.563464 -0.60681,0.476777 -1.11248,1.155823 -0.49123,0.664598 -0.80908,1.43033 -0.31785,0.765733 -0.31785,1.430331 0,0.274508 0.20227,0.346746 0.41899,-0.08669 0.968,-0.707941 0.54902,-0.635702 1.3292,-1.950451 0.14447,-0.26006 0.31785,-0.577911 0.18782,-0.317851 0.37564,-0.664598 0.18782,-0.346747 0.3612,-0.693494 0.18782,-0.361194 0.34674,-0.693493 z" />
             <path
                d="m 385.74492,91.219613 q 0.28896,0 0.6646,0.173374 0.37564,0.173373 0.6646,0.447881 -0.0722,-0.577911 -0.18782,-1.083584 -0.10114,-0.52012 -0.31785,-1.069136 -0.20227,-0.549015 -0.54902,-1.199166 -0.34675,-0.65015 -0.86687,-1.488121 0.0434,-0.13003 0.18782,-0.303404 0.15893,-0.173373 0.34675,-0.317851 0.20227,-0.158926 0.40454,-0.274508 0.21672,-0.115582 0.40454,-0.144478 0.40454,0.447881 0.76573,1.126927 0.36119,0.664598 0.6357,1.444779 0.27451,0.765732 0.41899,1.589256 0.15892,0.823523 0.15892,1.574808 0,0.751285 -0.17337,1.545913 -0.15893,0.794628 -0.46233,1.560361 -0.28895,0.751284 -0.67904,1.43033 -0.3901,0.679046 -0.85242,1.213614 -0.44789,0.534568 -0.93911,0.866867 -0.49122,0.346747 -0.98245,0.433434 -0.9969,-0.115583 -1.53146,-0.650151 -0.52012,-0.52012 -0.52012,-1.444778 0,-0.491225 0.14447,-1.069136 0.15893,-0.577911 0.40454,-1.141375 0.26006,-0.577911 0.59236,-1.112479 0.34675,-0.549016 0.72239,-0.98245 0.39009,-0.433433 0.78018,-0.736837 0.39009,-0.303403 0.76573,-0.39009 z m -1.47367,6.949384 q 0.50567,-0.173373 1.01134,-0.765732 0.50568,-0.592359 0.91021,-1.386988 0.40454,-0.809075 0.65015,-1.719286 0.26006,-0.924658 0.26006,-1.777077 0,-0.245612 0,-0.303404 0,-0.05779 -0.0144,-0.115582 -0.34675,0.144478 -0.73684,0.491225 -0.39009,0.346747 -0.78018,0.809076 -0.39009,0.447881 -0.73684,0.982449 -0.34674,0.534568 -0.62125,1.069136 -0.27451,0.534568 -0.43344,1.025793 -0.15892,0.491224 -0.15892,0.866867 0,0.722389 0.65015,0.823523 z" />
             <path
                d="m 391.95567,97.677773 q 0.0722,-0.418986 0.24561,-1.098032 0.18782,-0.693494 0.43343,-1.459226 0.24561,-0.78018 0.52012,-1.560361 0.27451,-0.78018 0.53457,-1.401435 0.18782,-0.447881 0.3323,-0.693493 0.14448,-0.26006 0.31785,-0.433434 0.20227,0.0289 0.41899,0.101135 0.21671,0.07224 0.41898,0.173373 0.20227,0.101135 0.3612,0.216717 0.15892,0.101134 0.24561,0.202269 -0.39009,0.462329 -0.69349,1.054688 -0.28896,0.592359 -0.59236,1.517017 0.78018,-0.693493 1.37254,-1.329196 0.6068,-0.635702 1.12692,-1.415883 0.0867,-0.07224 0.30341,-0.07224 0.20227,0 0.39009,0.07224 0.18782,0.05779 0.26006,0.173374 -0.26006,0.693493 -0.26006,1.372539 0,0.635703 0.18782,0.953554 -0.0145,0.08669 -0.20227,0.332299 -0.17337,0.245612 -0.39009,0.462329 -0.39009,-0.202269 -0.6935,-0.549016 -0.3034,-0.361194 -0.44788,-0.78018 -0.67904,0.476777 -1.15582,0.939106 -0.47678,0.447881 -0.82352,1.011345 -0.3323,0.549015 -0.57791,1.271405 -0.23117,0.722389 -0.44789,1.719286 -0.13003,-0.01445 -0.31785,-0.101135 -0.17337,-0.07224 -0.36119,-0.187821 -0.17337,-0.115582 -0.31785,-0.245612 -0.14448,-0.13003 -0.18782,-0.245612 z" />
             <path
                d="m 398.12983,96.998727 q 0,-0.13003 0.0144,-0.317852 0.0289,-0.202268 0.0867,-0.52012 0.0578,-0.332299 0.14448,-0.794628 0.10113,-0.462329 0.24561,-1.112479 0.0289,-0.144478 0.13003,-0.462329 0.10113,-0.317851 0.26006,-0.664598 0.17337,-0.361195 0.40454,-0.693494 0.24561,-0.332299 0.57791,-0.491224 0.24561,0.05779 0.65015,0.303403 0.40454,0.231164 0.69349,0.65015 -0.3323,0.375643 -0.56346,0.751285 -0.21672,0.375642 -0.40454,0.78018 -0.17337,0.404538 -0.3323,0.837972 -0.14448,0.433433 -0.3323,0.91021 -0.15892,0.404538 -0.28895,0.837972 -0.13003,0.418985 -0.14448,0.736836 0,0.260061 -0.0145,0.361195 0,0.115582 -0.0722,0.115582 -0.0578,0 -0.23116,-0.07224 -0.17338,-0.07224 -0.3612,-0.216716 -0.17337,-0.158926 -0.31785,-0.390091 -0.14448,-0.231164 -0.14448,-0.549015 z m 2.75953,-6.270338 q 0,-0.08669 0.0433,-0.26006 -0.0722,-0.07224 -0.13003,-0.216717 -0.0433,-0.144478 -0.0433,-0.26006 0,-0.13003 0.0289,-0.346747 0.0433,-0.231165 0.10113,-0.491225 0.0578,-0.26006 0.14448,-0.534568 0.0867,-0.288955 0.17337,-0.52012 0.17338,0 0.41899,0.101135 0.26006,0.08669 0.52012,0.245612 0.26006,0.144478 0.47677,0.332299 0.21672,0.173373 0.3323,0.332299 -0.15892,0.158926 -0.41898,0.447881 -0.26006,0.274508 -0.50567,0.592359 -0.24562,0.303404 -0.44789,0.577912 -0.20226,0.274508 -0.26006,0.39009 -0.17337,-0.0289 -0.3034,-0.144478 -0.13003,-0.13003 -0.13003,-0.245612 z" />
             <path
                d="m 406.51429,92.21651 q -0.0145,0.274508 -0.10113,0.577912 -0.0722,0.288955 -0.18782,0.534568 -0.11559,0.231164 -0.24562,0.39009 -0.13003,0.158925 -0.24561,0.158925 -0.15892,-0.01445 -0.18782,-0.216716 0,-0.04334 0.0289,-0.13003 0.0433,-0.101135 0.0867,-0.216717 0.0433,-0.115582 0.0722,-0.231165 0.0434,-0.115582 0.0434,-0.202269 0,-0.202269 -0.10114,-0.332299 -0.0867,-0.144477 -0.24561,-0.144477 -0.57791,0 -0.88132,0.722389 -0.3034,0.722389 -0.3034,2.123824 0,0.144478 0.0145,0.173373 0.3034,-0.01445 0.53457,-0.01445 0.24561,-0.01445 0.47677,-0.01445 0.0145,0.0289 0.0145,0.115582 0,0.13003 -0.0578,0.187821 -0.3323,0.07224 -0.53457,0.13003 -0.18782,0.04334 -0.28895,0.08669 -0.10114,0.04334 -0.13003,0.101134 -0.0145,0.04334 -0.0145,0.13003 0,0.115583 0,0.231165 0.0145,0.115582 0.0145,0.288956 0,1.213614 -0.6646,1.95045 -0.65015,0.736837 -1.82042,0.85242 -0.20227,-0.01445 -0.41899,-0.115583 -0.21672,-0.101134 -0.41898,-0.26006 -0.18783,-0.158925 -0.3323,-0.361194 -0.14448,-0.187821 -0.20227,-0.39009 0,-0.549016 0.23116,-1.040241 0.23117,-0.505672 0.62126,-0.881315 0.40454,-0.39009 0.9391,-0.621254 0.54902,-0.245613 1.18472,-0.288956 0,-0.361195 -0.0722,-0.707941 -0.0722,-0.346747 -0.15892,-0.664598 -0.0722,-0.332299 -0.14448,-0.635703 -0.0722,-0.317851 -0.0722,-0.621255 0,-0.39009 0.15893,-0.765732 0.15892,-0.39009 0.41898,-0.707941 0.26006,-0.3323 0.60681,-0.563464 0.34675,-0.231165 0.72239,-0.317851 0.15892,0.04334 0.41898,0.26006 0.27451,0.202269 0.53457,0.462329 0.26006,0.26006 0.46233,0.534568 0.20227,0.26006 0.24561,0.433433 z m -4.76777,6.58819 q 0.34675,-0.144478 0.65015,-0.418986 0.31786,-0.274508 0.54902,-0.621255 0.23116,-0.346747 0.36119,-0.736837 0.14448,-0.39009 0.14448,-0.765732 -0.28895,0.04334 -0.6357,0.274508 -0.34675,0.216716 -0.65015,0.534568 -0.3034,0.303403 -0.50567,0.635702 -0.20227,0.332299 -0.20227,0.577911 0,0.317852 0.28895,0.520121 z" />
             <path
                d="m 411.69676,91.985346 q -0.0578,0.895762 -0.31785,1.545913 -0.26006,0.635702 -0.75129,1.126927 -0.47677,0.476777 -1.17027,0.866867 -0.69349,0.39009 -1.61815,0.751285 0,0.08669 -0.0145,0.187821 0,0.08669 0,0.187821 0,0.187821 0.0289,0.39009 0.0289,0.202269 0.10113,0.375642 0.0722,0.173374 0.20227,0.288956 0.13003,0.101135 0.3323,0.101135 0.39009,0 0.76573,-0.173374 0.37564,-0.173373 0.70794,-0.418986 0.34675,-0.26006 0.63571,-0.549015 0.3034,-0.303404 0.53456,-0.549016 0.14448,0.13003 0.24562,0.245612 -0.65015,0.866867 -1.43033,1.444779 -0.76574,0.563463 -1.45923,0.722389 -0.9969,-0.115583 -1.56036,-0.722389 -0.54902,-0.621255 -0.54902,-1.488122 0,-0.592359 0.15893,-1.199166 0.17337,-0.621255 0.46233,-1.184718 0.3034,-0.577912 0.69349,-1.083584 0.40454,-0.505673 0.85242,-0.881315 0.46233,-0.375642 0.93911,-0.592359 0.49122,-0.216717 0.968,-0.216717 0.6646,0.08669 1.24251,0.823524 z m -0.9969,0.476777 q -0.39009,0.05779 -0.80908,0.317851 -0.41898,0.26006 -0.79462,0.693494 -0.3612,0.433433 -0.6646,1.011344 -0.3034,0.577912 -0.47678,1.24251 1.15582,-0.577912 1.92156,-1.415883 0.76573,-0.852419 0.82352,-1.849316 z" />
             <path
                d="m 419.73808,97.648877 q -0.27451,-0.231165 -0.37565,-0.577911 -0.0867,-0.346747 -0.0867,-0.592359 0,-0.303404 0.0722,-0.520121 -0.0578,0 -0.26006,0.231165 -0.20227,0.231164 -0.44788,0.549016 -0.23117,0.317851 -0.46233,0.621254 -0.23117,0.303404 -0.34675,0.447882 -0.18782,0.202269 -0.36119,0.317851 -0.15893,0.115582 -0.26006,0.13003 -0.23117,-0.01445 -0.49123,-0.101135 -0.24561,-0.07224 -0.47678,-0.216716 -0.21671,-0.144478 -0.39009,-0.346747 -0.15892,-0.202269 -0.21671,-0.462329 0,-0.404538 0.0144,-0.664598 0.0289,-0.26006 0.10114,-0.563464 0.13003,-0.549016 0.37564,-1.242509 0.26006,-0.693494 0.59236,-1.358092 0.3323,-0.679046 0.73684,-1.256957 0.41898,-0.592359 0.88131,-0.924658 0.13003,0 0.30341,0.0289 0.17337,0.01445 0.34674,0.07224 0.18782,0.05779 0.34675,0.144478 0.17337,0.07224 0.28895,0.202269 -0.13003,0.144478 -0.66459,0.968002 -0.52012,0.823523 -1.17027,2.369436 -0.0722,0.158926 -0.17338,0.462329 -0.10113,0.303404 -0.20227,0.635703 -0.10113,0.332299 -0.17337,0.65015 -0.0578,0.317851 -0.0578,0.505672 0,0.115583 0.0289,0.173374 0.0433,0.05779 0.0722,0.08669 0.21672,-0.08669 0.54902,-0.476776 0.3323,-0.390091 0.92466,-1.199166 0.14448,-0.202269 0.3323,-0.46233 0.20227,-0.26006 0.40453,-0.549015 0.20227,-0.303404 0.37565,-0.621255 0.18782,-0.317851 0.3034,-0.635702 0.0578,-0.173374 0.14448,-0.404538 0.10113,-0.245613 0.23116,-0.505673 0.14448,-0.26006 0.31785,-0.52012 0.18783,-0.274508 0.43344,-0.505672 0.18782,0 0.40454,0.04334 0.21671,0.04334 0.40453,0.115582 0.20227,0.05779 0.34675,0.144478 0.14448,0.07224 0.21672,0.158926 -0.26006,0.635702 -0.57791,1.256957 -0.31786,0.621254 -0.59236,1.228061 -0.27451,0.59236 -0.46233,1.184719 -0.18782,0.592359 -0.18782,1.155822 0,0.303404 0.0433,0.534568 0.0578,0.216717 0.11558,0.375643 0.0578,0.144478 0.10114,0.245612 0.0578,0.101134 0.0578,0.173373 0,0.01445 -0.0289,0.04334 -0.0144,0.01445 -0.0289,0.01445 -0.10114,0 -0.26006,-0.04334 -0.15893,-0.04334 -0.3612,-0.13003 -0.18782,-0.07224 -0.39009,-0.173373 -0.18782,-0.101135 -0.36119,-0.216717 z" />
             <path
                d="m 421.89283,102.74894 q -0.20227,-0.0578 -0.23117,-0.43343 -0.0578,-0.18782 -0.0867,-0.44788 -0.0144,-0.26006 -0.0144,-0.59236 0,-0.3034 0.10113,-0.83797 0.10114,-0.520121 0.27451,-1.184719 0.18782,-0.664598 0.44788,-1.430331 0.26006,-0.78018 0.57791,-1.574808 0.39009,-0.996897 0.67905,-1.719286 0.28896,-0.736837 0.47678,-1.271405 0.20227,-0.534568 0.31785,-0.881315 0.13003,-0.346747 0.20227,-0.592359 0.0578,-0.173374 0.17337,-0.418986 0.11558,-0.245612 0.26006,-0.491224 0.15893,-0.260061 0.31785,-0.476777 0.15893,-0.231165 0.28896,-0.346747 0.50567,0.07224 0.95355,0.26006 0.44788,0.187821 0.54902,0.361195 -0.20227,0.187821 -0.46233,0.592359 -0.26006,0.39009 -0.50567,0.866867 -0.24562,0.462329 -0.44789,0.953553 -0.20226,0.491225 -0.3034,0.866867 0.14448,-0.245612 0.37564,-0.534568 0.23117,-0.288955 0.70794,-0.794628 0.53457,-0.549015 0.9969,-0.837971 0.47678,-0.303404 0.82353,-0.303404 0.54901,0 0.89576,0.303404 0.36119,0.303403 0.36119,0.78018 0,1.040241 -0.34674,2.066033 -0.34675,1.011345 -0.9969,1.834869 -0.24561,0.317851 -0.57791,0.606807 -0.3323,0.288955 -0.6935,0.52012 -0.36119,0.216717 -0.70794,0.346747 -0.34674,0.13003 -0.62125,0.13003 -0.26006,0 -0.46233,-0.101135 -0.18782,-0.115582 -0.26006,-0.274508 0.56346,-0.332299 1.09803,-0.924658 0.53457,-0.592359 0.98245,-1.358091 0.46233,-0.780181 0.79463,-1.675943 0.34674,-0.895763 0.52012,-1.820421 -0.54902,0.288956 -0.9969,0.635702 -0.43343,0.332299 -0.86687,0.881315 -0.52012,0.635703 -0.82352,1.025793 -0.3034,0.39009 -0.50567,0.664598 -0.18782,0.274508 -0.31785,0.52012 -0.11559,0.231165 -0.26006,0.577911 -0.20227,0.462329 -0.47678,1.228062 -0.26006,0.751285 -0.54902,1.690391 -0.2745,0.939101 -0.56346,1.993791 -0.27451,1.06914 -0.53457,2.12383 -0.15892,-0.0289 -0.27451,-0.23117 -0.11558,-0.13003 -0.17337,-0.18782 -0.0433,-0.0578 -0.11558,-0.0867 z" />
             <path
                d="m 434.43824,92.433227 q -0.0722,-0.08669 -0.13003,-0.361194 -0.0578,-0.288956 -0.0578,-0.491225 0.37564,0.02889 0.72239,0.05779 0.34675,0.01445 0.6357,0.0289 0.21672,-0.433434 0.46233,-0.85242 0.26006,-0.433433 0.49123,-0.78018 0.24561,-0.361195 0.44788,-0.606807 0.21671,-0.245612 0.3323,-0.317851 0.14447,0 0.36119,0.05779 0.23117,0.04334 0.46233,0.13003 0.23116,0.07224 0.41899,0.158926 0.18782,0.08669 0.26006,0.173373 -0.43344,0.549016 -0.75129,1.025793 -0.3034,0.462329 -0.6646,1.069136 0.28896,0 0.57791,-0.01445 0.30341,-0.01445 0.60681,-0.04334 0.0722,0.07224 0.11558,0.187821 0.0434,0.101134 0.0434,0.216717 -0.70794,0.26006 -1.71929,0.288955 -0.36119,0.693494 -0.65015,1.386987 -0.27451,0.679046 -0.47678,1.314749 -0.18782,0.635702 -0.3034,1.199166 -0.10113,0.563463 -0.10113,1.011345 0,0.635702 0.47677,0.707941 0.43344,-0.05779 0.82353,-0.216717 0.39009,-0.158925 0.69349,-0.404538 0.0867,0.13003 0.10113,0.216717 -0.0867,0.13003 -0.3034,0.303404 -0.20227,0.173373 -0.44788,0.332299 -0.24561,0.173373 -0.47678,0.288955 -0.23116,0.115582 -0.34674,0.13003 -0.3612,-0.01445 -0.72239,-0.158925 -0.3612,-0.144478 -0.6646,-0.361195 -0.28896,-0.216717 -0.47678,-0.476777 -0.18782,-0.274508 -0.18782,-0.534568 0,-0.346747 0.0867,-0.866867 0.10113,-0.534568 0.2745,-1.155822 0.17338,-0.621255 0.40454,-1.300301 0.23117,-0.679046 0.50568,-1.343644 z" />
             <path
                d="m 440.36996,98.472401 q -0.82352,-0.08669 -1.31475,-0.72239 -0.49122,-0.635702 -0.49122,-1.618151 0,-0.577912 0.17337,-1.199166 0.17337,-0.621255 0.49123,-1.199166 0.31785,-0.592359 0.75128,-1.11248 0.43343,-0.52012 0.93911,-0.895762 0.79462,-0.592359 1.48812,-0.592359 0.46233,0.245612 0.91021,1.025792 0.0722,0 0.13003,0 0.0578,-0.01445 0.13003,-0.01445 0.76573,0 0.76573,1.358092 0,0.91021 -0.3034,1.733734 -0.28896,0.809076 -0.82353,1.473674 -0.52012,0.664598 -1.25695,1.126927 -0.72239,0.447881 -1.58926,0.635703 z m 0.73684,-4.551052 q -0.24561,0.332299 -0.46233,0.722389 -0.21672,0.39009 -0.37564,0.794628 -0.15893,0.39009 -0.24562,0.765733 -0.0867,0.361194 -0.0867,0.65015 0,0.346747 0.11558,0.664598 0.11558,0.317851 0.26006,0.361195 0.65015,-0.144478 1.18472,-0.534568 0.54901,-0.404538 0.9391,-0.996898 0.40454,-0.592359 0.62126,-1.343643 0.23116,-0.751285 0.23116,-1.603704 0,-0.375643 -0.0433,-0.592359 -0.0433,-0.216717 -0.14448,-0.375643 -0.6357,0.187821 -1.14137,0.606807 -0.49123,0.418986 -0.85242,0.881315 z" />
             <path
                d="m 456.83592,93.531259 q -0.23117,0.01445 -0.56347,0.303403 -0.33229,0.274508 -0.72238,0.722389 -0.37565,0.433434 -0.79463,0.968002 -0.40454,0.534568 -0.79463,1.069136 -0.37564,0.52012 -0.70794,0.982449 -0.3323,0.462329 -0.56347,0.736837 -0.31785,-0.13003 -0.54901,-0.375642 -0.23117,-0.26006 -0.3323,-0.635703 0.0722,-0.447881 0.20227,-0.924658 0.13003,-0.491225 0.3323,-1.011345 0.21671,-0.52012 0.52012,-1.083584 0.31785,-0.577911 0.76573,-1.213613 -0.21672,0.01445 -0.59236,0.317851 -0.37564,0.288956 -0.80908,0.765732 -0.43343,0.462329 -0.89576,1.054689 -0.46233,0.577911 -0.86686,1.141374 -0.53457,0.751285 -0.89577,1.314749 -0.34674,0.563463 -0.50567,0.664598 -0.37564,-0.274508 -0.52012,-0.592359 -0.14448,-0.317852 -0.21672,-0.707942 0.0145,-0.346747 0.10114,-0.866867 0.10113,-0.52012 0.27451,-1.069136 0.33229,-1.054688 0.85241,-2.094928 0.53457,-1.040241 1.0258,-1.907108 0.40454,0.08669 0.72239,0.274508 0.3323,0.187821 0.69349,0.549016 -0.14448,0.447881 -0.44788,0.953554 -0.3034,0.491224 -0.6357,1.04024 -0.3323,0.549016 -0.60681,1.126927 -0.27451,0.577912 -0.36119,1.170271 0.40453,-0.577912 0.95355,-1.329196 0.56346,-0.751285 1.14137,-1.415883 0.59236,-0.664598 1.17027,-1.126927 0.57792,-0.462329 1.04024,-0.462329 0.17338,0 0.37565,0.05779 0.20227,0.05779 0.37564,0.144478 0.17337,0.08669 0.28895,0.173373 0.11559,0.07224 0.13004,0.115582 -0.0722,0.288956 -0.34675,0.794628 -0.26006,0.491225 -0.56347,1.040241 -0.3034,0.549015 -0.56346,1.069136 -0.26006,0.505672 -0.3034,0.809076 0.70794,-0.968002 1.32919,-1.748182 0.62126,-0.794628 1.17027,-1.358092 0.54902,-0.563463 1.01135,-0.866867 0.47678,-0.303403 0.89576,-0.303403 0.28896,0 0.53457,0.158925 0.26006,0.144478 0.36119,0.433434 -0.13003,0.433433 -0.43343,1.04024 -0.28896,0.606807 -0.59236,1.285853 -0.3034,0.664598 -0.54901,1.314748 -0.23117,0.65015 -0.23117,1.170271 0,0.303403 0.0867,0.404538 0.0867,0.08669 0.24561,0.08669 0.17337,0 0.31785,-0.05779 0.15893,-0.07224 0.23117,-0.07224 0.0867,0.05779 0.10113,0.144478 0.0144,0.08669 0.0144,0.158926 -0.28896,0.231164 -0.59236,0.375642 -0.3034,0.158926 -0.67905,0.158926 -0.34674,0 -0.57791,-0.115583 -0.21671,-0.115582 -0.36119,-0.317851 -0.14448,-0.202269 -0.20227,-0.462329 -0.0578,-0.26006 -0.0578,-0.563463 0,-0.491225 0.13003,-0.968002 0.13003,-0.491225 0.3034,-0.924658 0.18782,-0.447881 0.39009,-0.823524 0.20227,-0.39009 0.34675,-0.693493 z" />
             <path
                d="m 464.71899,91.985346 q -0.0578,0.895762 -0.31785,1.545913 -0.26006,0.635702 -0.75129,1.126927 -0.47677,0.476777 -1.17027,0.866867 -0.69349,0.39009 -1.61815,0.751285 0,0.08669 -0.0145,0.187821 0,0.08669 0,0.187821 0,0.187821 0.0289,0.39009 0.0289,0.202269 0.10113,0.375642 0.0722,0.173374 0.20227,0.288956 0.13003,0.101135 0.3323,0.101135 0.39009,0 0.76573,-0.173374 0.37565,-0.173373 0.70795,-0.418986 0.34674,-0.26006 0.6357,-0.549015 0.3034,-0.303404 0.53457,-0.549016 0.14447,0.13003 0.24561,0.245612 -0.65015,0.866867 -1.43033,1.444779 -0.76573,0.563463 -1.45923,0.722389 -0.9969,-0.115583 -1.56036,-0.722389 -0.54901,-0.621255 -0.54901,-1.488122 0,-0.592359 0.15892,-1.199166 0.17337,-0.621255 0.46233,-1.184718 0.3034,-0.577912 0.69349,-1.083584 0.40454,-0.505673 0.85242,-0.881315 0.46233,-0.375642 0.93911,-0.592359 0.49122,-0.216717 0.968,-0.216717 0.6646,0.08669 1.24251,0.823524 z m -0.9969,0.476777 q -0.39009,0.05779 -0.80907,0.317851 -0.41899,0.26006 -0.79463,0.693494 -0.3612,0.433433 -0.6646,1.011344 -0.3034,0.577912 -0.47678,1.24251 1.15583,-0.577912 1.92156,-1.415883 0.76573,-0.852419 0.82352,-1.849316 z" />
             <path
                d="m 470.56019,91.985346 q -0.0578,0.895762 -0.31785,1.545913 -0.26006,0.635702 -0.75128,1.126927 -0.47678,0.476777 -1.17027,0.866867 -0.6935,0.39009 -1.61816,0.751285 0,0.08669 -0.0144,0.187821 0,0.08669 0,0.187821 0,0.187821 0.0289,0.39009 0.0289,0.202269 0.10114,0.375642 0.0722,0.173374 0.20226,0.288956 0.13003,0.101135 0.3323,0.101135 0.39009,0 0.76574,-0.173374 0.37564,-0.173373 0.70794,-0.418986 0.34674,-0.26006 0.6357,-0.549015 0.3034,-0.303404 0.53457,-0.549016 0.14448,0.13003 0.24561,0.245612 -0.65015,0.866867 -1.43033,1.444779 -0.76573,0.563463 -1.45923,0.722389 -0.99689,-0.115583 -1.56036,-0.722389 -0.54901,-0.621255 -0.54901,-1.488122 0,-0.592359 0.15892,-1.199166 0.17338,-0.621255 0.46233,-1.184718 0.30341,-0.577912 0.6935,-1.083584 0.40453,-0.505673 0.85241,-0.881315 0.46233,-0.375642 0.93911,-0.592359 0.49123,-0.216717 0.968,-0.216717 0.6646,0.08669 1.24251,0.823524 z m -0.9969,0.476777 q -0.39009,0.05779 -0.80907,0.317851 -0.41899,0.26006 -0.79463,0.693494 -0.36119,0.433433 -0.6646,1.011344 -0.3034,0.577912 -0.47677,1.24251 1.15582,-0.577912 1.92155,-1.415883 0.76573,-0.852419 0.82352,-1.849316 z" />
             <path
                d="m 471.96862,92.433227 q -0.0722,-0.08669 -0.13003,-0.361194 -0.0578,-0.288956 -0.0578,-0.491225 0.37564,0.02889 0.72239,0.05779 0.34675,0.01445 0.6357,0.0289 0.21672,-0.433434 0.46233,-0.85242 0.26006,-0.433433 0.49123,-0.78018 0.24561,-0.361195 0.44788,-0.606807 0.21671,-0.245612 0.3323,-0.317851 0.14447,0 0.36119,0.05779 0.23117,0.04334 0.46233,0.13003 0.23116,0.07224 0.41899,0.158926 0.18782,0.08669 0.26006,0.173373 -0.43344,0.549016 -0.75129,1.025793 -0.3034,0.462329 -0.6646,1.069136 0.28896,0 0.57791,-0.01445 0.30341,-0.01445 0.60681,-0.04334 0.0722,0.07224 0.11558,0.187821 0.0433,0.101134 0.0433,0.216717 -0.70794,0.26006 -1.71929,0.288955 -0.36119,0.693494 -0.65015,1.386987 -0.27451,0.679046 -0.47678,1.314749 -0.18782,0.635702 -0.3034,1.199166 -0.10113,0.563463 -0.10113,1.011345 0,0.635702 0.47677,0.707941 0.43344,-0.05779 0.82353,-0.216717 0.39009,-0.158925 0.69349,-0.404538 0.0867,0.13003 0.10113,0.216717 -0.0867,0.13003 -0.3034,0.303404 -0.20227,0.173373 -0.44788,0.332299 -0.24561,0.173373 -0.47678,0.288955 -0.23116,0.115582 -0.34674,0.13003 -0.3612,-0.01445 -0.72239,-0.158925 -0.3612,-0.144478 -0.6646,-0.361195 -0.28896,-0.216717 -0.47678,-0.476777 -0.18782,-0.274508 -0.18782,-0.534568 0,-0.346747 0.0867,-0.866867 0.10113,-0.534568 0.2745,-1.155822 0.17338,-0.621255 0.40454,-1.300301 0.23117,-0.679046 0.50568,-1.343644 z" />
             <path
                d="m 485.0705,95.727322 q -0.3323,1.054688 -0.6646,1.921555 -0.3323,0.866867 -0.70794,1.589256 -0.37565,0.736837 -0.80908,1.343647 -0.43343,0.62125 -0.95355,1.17027 -0.6646,0.69349 -1.37254,1.05469 -0.70794,0.37564 -1.41589,0.37564 -0.36119,0 -0.72238,-0.0867 -0.34675,-0.0722 -0.65015,-0.21672 -0.31786,-0.13003 -0.54902,-0.31785 -0.24561,-0.17337 -0.34675,-0.37564 0,-0.17337 0.20227,-0.3034 0.17338,0.15892 0.28896,0.24561 0.11558,0.0867 0.23116,0.14448 0.10114,0.0578 0.23117,0.0722 0.11558,0.0144 0.2745,0.0144 0.82353,0 1.60371,-0.49122 0.79463,-0.47678 1.48812,-1.37254 0.70794,-0.881314 1.28585,-2.152719 0.57791,-1.256958 0.98245,-2.817318 -0.18782,0.288955 -0.46233,0.707941 -0.27451,0.418986 -0.6068,0.837972 -0.3323,0.404538 -0.6935,0.736837 -0.34674,0.332299 -0.67904,0.447881 -0.23117,-0.01445 -0.49123,-0.101135 -0.24561,-0.07224 -0.47677,-0.216716 -0.21672,-0.144478 -0.3901,-0.346747 -0.17337,-0.202269 -0.23116,-0.462329 0,-0.418986 0.0289,-0.664598 0.0289,-0.26006 0.10113,-0.563464 0.13003,-0.549016 0.37564,-1.242509 0.26006,-0.693494 0.59236,-1.358092 0.34675,-0.679046 0.75129,-1.256957 0.41898,-0.592359 0.86686,-0.924658 0.11559,0 0.28896,0.0289 0.17337,0.01445 0.36119,0.07224 0.18783,0.05779 0.3612,0.144478 0.17337,0.07224 0.3034,0.202269 -0.15892,0.144478 -0.69349,0.968002 -0.53457,0.823523 -1.18472,2.369436 -0.0722,0.158926 -0.17337,0.462329 -0.10114,0.303404 -0.20227,0.635703 -0.0867,0.332299 -0.15893,0.65015 -0.0722,0.317851 -0.0722,0.505672 0,0.115583 0.0289,0.173374 0.0433,0.05779 0.0722,0.08669 0.26006,-0.04334 0.69349,-0.418985 0.43343,-0.39009 0.98245,-1.199166 0.34675,-0.520121 0.6357,-1.025793 0.28896,-0.52012 0.56347,-1.04024 0.28895,-0.520121 0.59236,-1.069136 0.3034,-0.549016 0.65015,-1.126927 0.18782,0 0.40453,0.04334 0.21672,0.04334 0.41899,0.115582 0.20227,0.05779 0.34675,0.144478 0.15892,0.07224 0.23116,0.158926 -0.44788,0.953553 -0.83797,1.863764 -0.39009,0.91021 -0.69349,1.863764 z" />
             <path
                d="m 488.39755,98.472401 q -0.82353,-0.08669 -1.31475,-0.72239 -0.49122,-0.635702 -0.49122,-1.618151 0,-0.577912 0.17337,-1.199166 0.17337,-0.621255 0.49122,-1.199166 0.31785,-0.592359 0.75129,-1.11248 0.43343,-0.52012 0.9391,-0.895762 0.79463,-0.592359 1.48813,-0.592359 0.46233,0.245612 0.91021,1.025792 0.0722,0 0.13003,0 0.0578,-0.01445 0.13003,-0.01445 0.76573,0 0.76573,1.358092 0,0.91021 -0.3034,1.733734 -0.28896,0.809076 -0.82353,1.473674 -0.52012,0.664598 -1.25696,1.126927 -0.72238,0.447881 -1.58925,0.635703 z m 0.73684,-4.551052 q -0.24562,0.332299 -0.46233,0.722389 -0.21672,0.39009 -0.37565,0.794628 -0.15892,0.39009 -0.24561,0.765733 -0.0867,0.361194 -0.0867,0.65015 0,0.346747 0.11559,0.664598 0.11558,0.317851 0.26006,0.361195 0.65015,-0.144478 1.18472,-0.534568 0.54901,-0.404538 0.9391,-0.996898 0.40454,-0.592359 0.62126,-1.343643 0.23116,-0.751285 0.23116,-1.603704 0,-0.375643 -0.0433,-0.592359 -0.0433,-0.216717 -0.14448,-0.375643 -0.6357,0.187821 -1.14138,0.606807 -0.49122,0.418986 -0.85241,0.881315 z" />
             <path
                d="m 496.99986,97.648877 q -0.27451,-0.231165 -0.37565,-0.577911 -0.0867,-0.346747 -0.0867,-0.592359 0,-0.303404 0.0722,-0.520121 -0.0578,0 -0.26006,0.231165 -0.20227,0.231164 -0.44788,0.549016 -0.23117,0.317851 -0.46233,0.621254 -0.23117,0.303404 -0.34675,0.447882 -0.18782,0.202269 -0.3612,0.317851 -0.15892,0.115582 -0.26006,0.13003 -0.23116,-0.01445 -0.49122,-0.101135 -0.24561,-0.07224 -0.47678,-0.216716 -0.21671,-0.144478 -0.39009,-0.346747 -0.15892,-0.202269 -0.21671,-0.462329 0,-0.404538 0.0144,-0.664598 0.0289,-0.26006 0.10114,-0.563464 0.13003,-0.549016 0.37564,-1.242509 0.26006,-0.693494 0.59236,-1.358092 0.3323,-0.679046 0.73684,-1.256957 0.41898,-0.592359 0.88131,-0.924658 0.13003,0 0.30341,0.0289 0.17337,0.01445 0.34674,0.07224 0.18782,0.05779 0.34675,0.144478 0.17337,0.07224 0.28895,0.202269 -0.13003,0.144478 -0.66459,0.968002 -0.52012,0.823523 -1.17027,2.369436 -0.0722,0.158926 -0.17338,0.462329 -0.10113,0.303404 -0.20227,0.635703 -0.10113,0.332299 -0.17337,0.65015 -0.0578,0.317851 -0.0578,0.505672 0,0.115583 0.0289,0.173374 0.0433,0.05779 0.0722,0.08669 0.21672,-0.08669 0.54902,-0.476776 0.3323,-0.390091 0.92466,-1.199166 0.14448,-0.202269 0.3323,-0.46233 0.20227,-0.26006 0.40453,-0.549015 0.20227,-0.303404 0.37565,-0.621255 0.18782,-0.317851 0.3034,-0.635702 0.0578,-0.173374 0.14448,-0.404538 0.10113,-0.245613 0.23116,-0.505673 0.14448,-0.26006 0.31785,-0.52012 0.18783,-0.274508 0.43344,-0.505672 0.18782,0 0.40454,0.04334 0.21671,0.04334 0.40453,0.115582 0.20227,0.05779 0.34675,0.144478 0.14448,0.07224 0.21672,0.158926 -0.26006,0.635702 -0.57791,1.256957 -0.31786,0.621254 -0.59236,1.228061 -0.27451,0.59236 -0.46233,1.184719 -0.18782,0.592359 -0.18782,1.155822 0,0.303404 0.0433,0.534568 0.0578,0.216717 0.11558,0.375643 0.0578,0.144478 0.10114,0.245612 0.0578,0.101134 0.0578,0.173373 0,0.01445 -0.0289,0.04334 -0.0145,0.01445 -0.0289,0.01445 -0.10114,0 -0.26006,-0.04334 -0.15893,-0.04334 -0.3612,-0.13003 -0.18782,-0.07224 -0.39009,-0.173373 -0.18782,-0.101135 -0.36119,-0.216717 z" />
             <path
                d="m 500.61383,98.515744 q -0.23116,-0.0289 -0.49122,-0.202269 -0.24561,-0.158926 -0.31785,-0.361195 0,-0.173373 0.0433,-0.447881 0.0578,-0.274508 0.13003,-0.549016 0.0722,-0.288955 0.14448,-0.534568 0.0722,-0.26006 0.10113,-0.39009 0.17338,0 0.43344,0.08669 0.27451,0.08669 0.54901,0.245612 0.28896,0.144478 0.53457,0.346747 0.26006,0.187821 0.39009,0.39009 -0.13003,0.288956 -0.3323,0.549016 -0.20227,0.26006 -0.43343,0.447881 -0.21672,0.202269 -0.41899,0.303404 -0.20227,0.115582 -0.3323,0.115582 z" />
           </g>
           <g>
             <path
                d="m 303.62642,120.42472 q -0.0289,0.0145 -0.0578,0.0145 -0.0289,0 -0.11559,0 -0.20227,0 -0.47677,-0.0722 -0.26006,-0.0578 -0.52012,-0.15893 -0.24562,-0.0867 -0.43344,-0.20227 -0.17337,-0.11558 -0.21671,-0.20227 -0.0145,-0.20226 -0.0145,-0.41898 0,-0.21672 0,-0.41899 0,-1.61815 0.23116,-3.38078 0.24562,-1.76263 0.79463,-3.81421 0.0578,-0.20227 0.11558,-0.50568 0.0722,-0.31785 0.14448,-0.67904 -0.34675,0.27451 -0.82352,0.88131 -0.47678,0.59236 -1.01135,1.41589 -0.52012,0.80907 -1.05469,1.79152 -0.52012,0.968 -0.95355,1.97935 -0.43343,0.99689 -0.75128,1.97934 -0.30341,0.98245 -0.37565,1.82042 -0.69349,-0.20226 -0.968,-0.40453 -0.26006,-0.20227 -0.26006,-0.49123 0,-0.26006 0.15893,-0.73683 0.15892,-0.47678 0.44788,-1.12693 0.28895,-0.65015 0.70794,-1.44478 0.41899,-0.80908 0.92466,-1.73373 0.57791,-1.05469 1.12693,-1.97935 0.56346,-0.92466 1.09803,-1.67594 0.53457,-0.75129 1.04024,-1.3003 0.52012,-0.54902 1.02579,-0.83798 0.20227,0 0.53457,0.10114 0.34675,0.10113 0.6646,0.24561 0.3323,0.14448 0.57791,0.3034 0.26006,0.14448 0.28895,0.24562 -0.20227,0.40454 -0.47677,1.21361 -0.27451,0.80908 -0.56347,1.83487 -0.2745,1.02579 -0.53457,2.18161 -0.24561,1.14138 -0.39009,2.19607 0.3323,-0.79463 0.76574,-1.64705 0.44788,-0.86687 0.9391,-1.70484 0.49123,-0.85242 0.9969,-1.64705 0.52012,-0.79462 1.01135,-1.44477 0.49122,-0.6646 0.91021,-1.15583 0.43343,-0.49122 0.76573,-0.72239 0.20227,0 0.53457,0.10114 0.34674,0.10113 0.66459,0.24561 0.3323,0.14448 0.57792,0.3034 0.26006,0.14448 0.28895,0.24562 -0.46233,0.82352 -0.80907,2.00824 -0.34675,1.18472 -0.59236,2.48502 -0.23117,1.3003 -0.3612,2.58615 -0.11558,1.27141 -0.11558,2.28275 0,0.3323 0,0.69349 0,0.3612 0.0289,0.75129 -0.20226,0 -0.49122,-0.0578 -0.27451,-0.0433 -0.54902,-0.13003 -0.26006,-0.0867 -0.47677,-0.20227 -0.21672,-0.10114 -0.30341,-0.23117 -0.0144,-0.20226 -0.0144,-0.41898 0,-0.21672 0,-0.41899 0,-1.61815 0.23116,-3.38078 0.24561,-1.76263 0.79463,-3.81421 0.0578,-0.20227 0.13003,-0.54902 0.0722,-0.34675 0.14448,-0.72239 -0.40454,0.20227 -0.92466,0.78018 -0.50567,0.56347 -1.04024,1.38699 -0.52012,0.80908 -1.04024,1.80597 -0.50567,0.9969 -0.92466,2.03714 -0.40454,1.02579 -0.69349,2.05159 -0.27451,1.01134 -0.3323,1.86376 z" />
             <path
                d="m 315.82057,113.51868 q 0.14448,0 0.3323,0.0578 0.20227,0.0433 0.3612,0.13003 0.15892,0.0722 0.26006,0.15893 0.11558,0.0867 0.11558,0.15892 -0.28896,0.60681 -0.53457,1.22806 -0.24561,0.60681 -0.41899,1.17027 -0.17337,0.56347 -0.2745,1.05469 -0.0867,0.49123 -0.0867,0.85242 0,0.40454 0.0867,0.67905 0.0867,0.26006 0.28895,0.37564 -0.17337,0.11558 -0.44788,0.18782 -0.27451,0.0722 -0.49122,0.0722 -0.78018,0 -0.78018,-1.06914 0,-0.82352 0.54901,-2.25385 -0.28895,0.6646 -0.6646,1.25696 -0.37564,0.57791 -0.76573,1.02579 -0.39009,0.44788 -0.79463,0.73684 -0.39009,0.2745 -0.72239,0.33229 -0.53456,-0.0289 -0.86686,-0.50567 -0.3323,-0.49122 -0.3323,-1.24251 0,-0.80907 0.34674,-1.70484 0.34675,-0.89576 0.88132,-1.66149 0.54901,-0.76573 1.18472,-1.27141 0.6357,-0.52012 1.22806,-0.54901 0.14448,0.0433 0.31785,0.17337 0.18782,0.13003 0.34675,0.30341 0.17337,0.17337 0.28895,0.36119 0.11558,0.17337 0.13003,0.3034 -0.57791,0.0867 -1.19916,0.56347 -0.60681,0.47677 -1.11248,1.15582 -0.49123,0.6646 -0.80908,1.43033 -0.31785,0.76573 -0.31785,1.43033 0,0.27451 0.20227,0.34675 0.41898,-0.0867 0.968,-0.70794 0.54902,-0.63571 1.3292,-1.95045 0.14447,-0.26006 0.31785,-0.57792 0.18782,-0.31785 0.37564,-0.66459 0.18782,-0.34675 0.36119,-0.6935 0.18783,-0.36119 0.34675,-0.69349 z" />
             <path
                d="m 323.01263,117.11618 q -0.3323,1.05468 -0.6646,1.92155 -0.33229,0.86687 -0.70794,1.58926 -0.37564,0.73684 -0.80907,1.34364 -0.43344,0.62126 -0.95356,1.17027 -0.66459,0.6935 -1.37254,1.05469 -0.70794,0.37564 -1.41588,0.37564 -0.36119,0 -0.72239,-0.0867 -0.34674,-0.0722 -0.65015,-0.21672 -0.31785,-0.13003 -0.54901,-0.31785 -0.24562,-0.17338 -0.34675,-0.37564 0,-0.17338 0.20227,-0.30341 0.17337,0.15893 0.28895,0.24561 0.11559,0.0867 0.23117,0.14448 0.10113,0.0578 0.23116,0.0722 0.11559,0.0144 0.27451,0.0144 0.82352,0 1.60371,-0.49123 0.79462,-0.47677 1.48812,-1.37253 0.70794,-0.88132 1.28585,-2.15272 0.57791,-1.25696 0.98245,-2.81732 -0.18782,0.28895 -0.46233,0.70794 -0.27451,0.41898 -0.60681,0.83797 -0.3323,0.40454 -0.69349,0.73684 -0.34675,0.3323 -0.67905,0.44788 -0.23116,-0.0145 -0.49122,-0.10114 -0.24561,-0.0722 -0.47678,-0.21671 -0.21671,-0.14448 -0.39009,-0.34675 -0.17337,-0.20227 -0.23116,-0.46233 0,-0.41898 0.0289,-0.6646 0.0289,-0.26006 0.10114,-0.56346 0.13003,-0.54902 0.37564,-1.24251 0.26006,-0.69349 0.59236,-1.35809 0.34675,-0.67905 0.75128,-1.25696 0.41899,-0.59236 0.86687,-0.92466 0.11558,0 0.28896,0.0289 0.17337,0.0144 0.36119,0.0722 0.18782,0.0578 0.3612,0.14448 0.17337,0.0722 0.3034,0.20227 -0.15893,0.14447 -0.69349,0.968 -0.53457,0.82352 -1.18472,2.36943 -0.0722,0.15893 -0.17338,0.46233 -0.10113,0.30341 -0.20227,0.6357 -0.0867,0.3323 -0.15892,0.65015 -0.0722,0.31786 -0.0722,0.50568 0,0.11558 0.0289,0.17337 0.0433,0.0578 0.0722,0.0867 0.26006,-0.0433 0.6935,-0.41899 0.43343,-0.39009 0.98245,-1.19916 0.34674,-0.52012 0.6357,-1.0258 0.28896,-0.52012 0.56346,-1.04024 0.28896,-0.52012 0.59236,-1.06913 0.30341,-0.54902 0.65015,-1.12693 0.18782,0 0.40454,0.0433 0.21672,0.0433 0.41899,0.11559 0.20227,0.0578 0.34674,0.14447 0.15893,0.0722 0.23117,0.15893 -0.44788,0.95355 -0.83797,1.86376 -0.39009,0.91021 -0.6935,1.86377 z" />
             <path
                d="m 328.9299,113.82208 q -0.0722,-0.0867 -0.13003,-0.36119 -0.0578,-0.28896 -0.0578,-0.49123 0.37564,0.0289 0.72239,0.0578 0.34675,0.0144 0.6357,0.0289 0.21672,-0.43343 0.46233,-0.85242 0.26006,-0.43343 0.49123,-0.78018 0.24561,-0.36119 0.44788,-0.60681 0.21671,-0.24561 0.3323,-0.31785 0.14447,0 0.36119,0.0578 0.23117,0.0433 0.46233,0.13003 0.23117,0.0722 0.41899,0.15893 0.18782,0.0867 0.26006,0.17337 -0.43344,0.54902 -0.75129,1.02579 -0.3034,0.46233 -0.6646,1.06914 0.28896,0 0.57792,-0.0145 0.3034,-0.0144 0.6068,-0.0433 0.0722,0.0722 0.11558,0.18782 0.0433,0.10114 0.0433,0.21672 -0.70794,0.26006 -1.71929,0.28895 -0.36119,0.6935 -0.65015,1.38699 -0.27451,0.67905 -0.47678,1.31475 -0.18782,0.6357 -0.3034,1.19916 -0.10113,0.56347 -0.10113,1.01135 0,0.6357 0.47677,0.70794 0.43344,-0.0578 0.82353,-0.21672 0.39009,-0.15892 0.69349,-0.40453 0.0867,0.13003 0.10113,0.21671 -0.0867,0.13003 -0.3034,0.30341 -0.20227,0.17337 -0.44788,0.3323 -0.24561,0.17337 -0.47678,0.28895 -0.23116,0.11558 -0.34674,0.13003 -0.3612,-0.0144 -0.72239,-0.15892 -0.3612,-0.14448 -0.6646,-0.3612 -0.28896,-0.21672 -0.47678,-0.47678 -0.18782,-0.2745 -0.18782,-0.53456 0,-0.34675 0.0867,-0.86687 0.10113,-0.53457 0.27451,-1.15582 0.17337,-0.62126 0.40453,-1.3003 0.23117,-0.67905 0.50568,-1.34365 z" />
             <path
                d="m 333.14234,119.10997 q 0,-0.50567 0.10113,-1.18472 0.10113,-0.69349 0.28896,-1.47367 0.20226,-0.78018 0.46232,-1.6326 0.27451,-0.85242 0.60681,-1.70484 0.28896,-0.76573 0.6646,-1.54591 0.39009,-0.78018 0.83797,-1.53147 0.44788,-0.75128 0.92466,-1.43033 0.49122,-0.67904 0.98245,-1.24251 0.23116,0 0.49122,0.0578 0.27451,0.0578 0.52012,0.15893 0.26006,0.0867 0.46233,0.21672 0.21672,0.13003 0.34675,0.26006 -1.08358,1.11248 -1.95045,2.25385 -0.86687,1.12693 -1.37254,2.12382 -0.27451,0.54902 -0.50567,1.0258 -0.21672,0.47677 -0.40454,0.95355 -0.18782,0.46233 -0.34675,0.93911 -0.14448,0.46233 -0.27451,0.98245 2.77398,-3.53971 4.11762,-3.53971 0.37564,0 0.80908,0.24561 0.43343,0.24561 0.76573,0.6646 -0.44788,0.49122 -0.92466,1.18472 -0.47677,0.69349 -0.88131,1.40143 -0.39009,0.6935 -0.65015,1.3003 -0.24561,0.59236 -0.24561,0.88132 0,0.14448 0.0433,0.20227 0.0433,0.0433 0.18782,0.0433 0.21672,0 0.34675,-0.0578 0.13003,-0.0578 0.15892,-0.0578 0.0722,0.11558 0.0867,0.15892 0.0145,0.0433 0.0145,0.0722 0,0.0578 -0.17338,0.17338 -0.17337,0.10113 -0.41898,0.21671 -0.23117,0.10114 -0.46233,0.18782 -0.23117,0.0867 -0.34675,0.0867 -0.14448,0 -0.28895,-0.0867 -0.14448,-0.0722 -0.26006,-0.20226 -0.10114,-0.13003 -0.17338,-0.28896 -0.0578,-0.15893 -0.0578,-0.3323 0,-0.21672 0.11558,-0.6357 0.13003,-0.43344 0.34675,-0.9969 0.21672,-0.57791 0.52012,-1.25696 0.3034,-0.67904 0.65015,-1.38698 0,-0.0578 -0.0578,-0.0578 -0.0433,0 -0.23116,0.11558 -0.17338,0.11558 -0.3323,0.23116 -0.52012,0.39009 -1.05469,0.968 -0.52012,0.56347 -1.02579,1.24251 -0.49123,0.67905 -0.93911,1.44478 -0.43343,0.75129 -0.75129,1.51702 -0.0433,0.10113 -0.13003,0.18782 -0.0867,0.0867 -0.14447,0.0867 -0.0433,0 -0.13003,-0.10114 -0.0722,-0.10113 -0.14448,-0.26006 -0.0578,-0.14448 -0.11558,-0.3034 -0.0578,-0.15893 -0.0578,-0.27451 z" />
             <path
                d="m 345.80695,113.3742 q -0.0578,0.89576 -0.31786,1.54591 -0.26006,0.63571 -0.75128,1.12693 -0.47678,0.47678 -1.17027,0.86687 -0.69349,0.39009 -1.61815,0.75128 0,0.0867 -0.0145,0.18782 0,0.0867 0,0.18782 0,0.18783 0.0289,0.3901 0.0289,0.20226 0.10114,0.37564 0.0722,0.17337 0.20227,0.28895 0.13003,0.10114 0.3323,0.10114 0.39009,0 0.76573,-0.17338 0.37564,-0.17337 0.70794,-0.41898 0.34675,-0.26006 0.6357,-0.54902 0.30341,-0.3034 0.53457,-0.54901 0.14448,0.13003 0.24561,0.24561 -0.65015,0.86687 -1.43033,1.44478 -0.76573,0.56346 -1.45922,0.72239 -0.9969,-0.11559 -1.56036,-0.72239 -0.54902,-0.62126 -0.54902,-1.48812 0,-0.59236 0.15893,-1.19917 0.17337,-0.62125 0.46233,-1.18472 0.3034,-0.57791 0.69349,-1.08358 0.40454,-0.50567 0.85242,-0.88132 0.46233,-0.37564 0.9391,-0.59236 0.49123,-0.21671 0.96801,-0.21671 0.66459,0.0867 1.24251,0.82352 z m -0.9969,0.47678 q -0.39009,0.0578 -0.80908,0.31785 -0.41898,0.26006 -0.79463,0.69349 -0.36119,0.43344 -0.66459,1.01135 -0.30341,0.57791 -0.47678,1.24251 1.15582,-0.57791 1.92155,-1.41589 0.76574,-0.85242 0.82353,-1.84931 z" />
             <path
                d="m 350.0485,118.76322 q 0,-0.28895 0.0578,-0.80907 0.0722,-0.52012 0.17338,-1.12693 0.11558,-0.60681 0.24561,-1.24251 0.14448,-0.6357 0.28895,-1.14137 0.18783,-0.67905 0.57792,-1.04024 0.40453,-0.37565 0.99689,-0.37565 0.31785,0 0.62126,0.10114 0.31785,0.10113 0.37564,0.26006 -0.41899,0.34675 -0.67905,0.86687 -0.24561,0.50567 -0.40453,1.09803 -0.14448,0.57791 -0.23117,1.19916 -0.0722,0.60681 -0.15892,1.14138 0.47677,-0.6357 0.89576,-1.14138 0.43343,-0.52012 0.76573,-0.82352 0.44788,-0.41899 0.60681,-0.69349 0.15892,-0.28896 0.27451,-0.62126 0.0867,-0.26006 0.20226,-0.60681 0.13003,-0.34674 0.41899,-0.6357 0.0578,-0.0144 0.24561,-0.0144 0.14448,0 0.30341,0.0144 0.17337,0.0144 0.31785,0.0578 0.14447,0.0434 0.24561,0.10114 0.10113,0.0578 0.11558,0.14448 -0.23116,0.3034 -0.43343,0.95355 -0.20227,0.6357 -0.3612,1.40143 -0.15892,0.76574 -0.28895,1.53147 -0.13003,0.75128 -0.23117,1.2714 0.0578,-0.0289 0.26006,-0.23116 0.20227,-0.20227 0.44788,-0.50567 0.26006,-0.30341 0.53457,-0.6646 0.28896,-0.3612 0.50568,-0.70794 0.2745,-0.41899 0.44788,-0.78018 0.18782,-0.37565 0.31785,-0.79463 0.14448,-0.41899 0.26006,-0.92466 0.11558,-0.52012 0.24561,-1.22806 0.0867,-0.11558 0.37564,-0.18782 0.30341,-0.0867 0.54902,-0.0867 0.21672,0 0.31785,0.0722 -0.0722,0.80908 -0.27451,1.44478 -0.18782,0.6357 -0.52012,1.24251 -0.3323,0.59236 -0.82352,1.19916 -0.49123,0.59236 -1.15582,1.3003 -0.27451,0.28896 -0.60681,0.63571 -0.31785,0.34674 -0.6357,0.65015 -0.30341,0.28895 -0.57792,0.49122 -0.26006,0.20227 -0.40453,0.20227 -0.3323,0 -0.54902,-0.26006 -0.21672,-0.26006 -0.21672,-0.6646 0,-0.41898 0.0289,-0.72239 0.0433,-0.31785 0.13003,-0.66459 0.0867,-0.31786 0.13003,-0.53457 0.0578,-0.21672 0.0867,-0.37564 0.0433,-0.15893 0.0578,-0.27451 0.0145,-0.11558 0.0289,-0.23117 -0.11558,0.0578 -0.3034,0.24562 -0.18782,0.17337 -0.39009,0.41898 -0.20227,0.23117 -0.40454,0.47678 -0.20227,0.24561 -0.3323,0.41898 -0.27451,0.37565 -0.47677,0.6646 -0.20227,0.28896 -0.39009,0.54902 -0.17338,0.26006 -0.34675,0.53457 -0.17337,0.26006 -0.40454,0.56346 -0.46233,-0.14448 -0.6646,-0.43343 -0.18782,-0.28896 -0.18782,-0.70795 z" />
             <path
                d="m 359.10387,118.38758 q 0,-0.13003 0.0145,-0.31785 0.0289,-0.20227 0.0867,-0.52012 0.0578,-0.3323 0.14448,-0.79463 0.10113,-0.46233 0.24561,-1.11248 0.0289,-0.14447 0.13003,-0.46233 0.10113,-0.31785 0.26006,-0.66459 0.17337,-0.3612 0.40454,-0.6935 0.24561,-0.3323 0.57791,-0.49122 0.24561,0.0578 0.65015,0.3034 0.40454,0.23117 0.69349,0.65015 -0.3323,0.37564 -0.56346,0.75129 -0.21672,0.37564 -0.40454,0.78018 -0.17337,0.40453 -0.3323,0.83797 -0.14448,0.43343 -0.3323,0.91021 -0.15892,0.40454 -0.28895,0.83797 -0.13003,0.41899 -0.14448,0.73684 0,0.26006 -0.0145,0.36119 0,0.11558 -0.0722,0.11558 -0.0578,0 -0.23116,-0.0722 -0.17337,-0.0722 -0.3612,-0.21671 -0.17337,-0.15893 -0.31785,-0.39009 -0.14448,-0.23117 -0.14448,-0.54902 z m 2.75953,-6.27034 q 0,-0.0867 0.0433,-0.26006 -0.0722,-0.0722 -0.13003,-0.21671 -0.0433,-0.14448 -0.0433,-0.26006 0,-0.13003 0.0289,-0.34675 0.0433,-0.23116 0.10113,-0.49122 0.0578,-0.26006 0.14448,-0.53457 0.0867,-0.28896 0.17337,-0.52012 0.17338,0 0.41899,0.10113 0.26006,0.0867 0.52012,0.24561 0.26006,0.14448 0.47678,0.3323 0.21671,0.17338 0.33229,0.3323 -0.15892,0.15893 -0.41898,0.44788 -0.26006,0.27451 -0.50567,0.59236 -0.24562,0.30341 -0.44788,0.57791 -0.20227,0.27451 -0.26006,0.39009 -0.17338,-0.0289 -0.30341,-0.14447 -0.13003,-0.13003 -0.13003,-0.24562 z" />
             <path
                d="m 364.84439,112.34841 q 0.37564,0.11558 0.70794,0.52012 0.3323,0.39009 0.49122,0.86687 -0.15892,0.39009 -0.49122,0.9391 -0.3323,0.54902 -0.6646,1.12693 -0.3323,0.56346 -0.60681,1.08358 -0.26006,0.50567 -0.3034,0.83797 0.23116,-0.24561 0.50567,-0.56346 0.28896,-0.3323 0.54902,-0.65015 0.2745,-0.3323 0.50567,-0.59236 0.23116,-0.27451 0.36119,-0.40454 0.27451,-0.28895 0.65015,-0.6646 0.37565,-0.39009 0.78018,-0.72238 0.41899,-0.34675 0.83798,-0.57792 0.41898,-0.24561 0.76573,-0.24561 0.37564,0 0.62125,0.26006 0.26006,0.24561 0.40454,0.52012 0,0.0289 -0.11558,0.0867 -0.10114,0.0433 -0.30341,0.27451 -0.20226,0.26006 -0.46232,0.72239 -0.24562,0.44788 -0.49123,0.98245 -0.23116,0.52012 -0.39009,1.06913 -0.15892,0.54902 -0.15892,0.9969 0,0.36119 0.0867,0.46233 0.10114,0.10113 0.27451,0.10113 0.15893,0 0.3323,-0.0722 0.17337,-0.0722 0.27451,-0.0722 0.0578,0.0289 0.0867,0.13003 0.0433,0.0867 0.0433,0.15893 -0.11559,0.10113 -0.27451,0.20227 -0.15893,0.10113 -0.3323,0.18782 -0.17337,0.0867 -0.34675,0.14448 -0.15892,0.0578 -0.28895,0.0578 -0.41899,0 -0.6935,-0.13003 -0.26006,-0.11558 -0.41898,-0.31785 -0.14448,-0.20227 -0.20227,-0.47678 -0.0578,-0.28896 -0.0578,-0.60681 0,-0.17337 0.0289,-0.39009 0.0289,-0.21671 0.11559,-0.50567 0.0867,-0.3034 0.24561,-0.70794 0.15892,-0.41899 0.40454,-0.9969 -0.0289,0 -0.39009,0.20227 -0.3612,0.20227 -0.78018,0.62126 -0.67905,0.65015 -1.22807,1.28585 -0.53456,0.6357 -1.09803,1.41588 -0.31785,0.44788 -0.56346,0.75129 -0.23117,0.31785 -0.40454,0.41898 -0.3034,-0.17337 -0.44788,-0.49122 -0.14448,-0.30341 -0.21672,-0.6357 0,-0.27451 0.0722,-0.6935 0.0867,-0.41898 0.21672,-0.92466 0.14448,-0.52012 0.34675,-1.08358 0.20226,-0.56346 0.44788,-1.12693 0.54901,-1.2714 0.99689,-1.99379 0.46233,-0.72239 0.57792,-0.78018 z" />
             <path
                d="m 373.44171,112.60847 q 0.28896,0 0.6646,0.17337 0.37565,0.17338 0.6646,0.44788 -0.0722,-0.57791 -0.18782,-1.08358 -0.10113,-0.52012 -0.31785,-1.06914 -0.20227,-0.54901 -0.54902,-1.19916 -0.34674,-0.65015 -0.86686,-1.48812 0.0433,-0.13003 0.18782,-0.30341 0.15892,-0.17337 0.34674,-0.31785 0.20227,-0.15892 0.40454,-0.27451 0.21672,-0.11558 0.40454,-0.14447 0.40454,0.44788 0.76573,1.12692 0.3612,0.6646 0.6357,1.44478 0.27451,0.76573 0.41899,1.58926 0.15893,0.82352 0.15893,1.57481 0,0.75128 -0.17338,1.54591 -0.15892,0.79463 -0.46233,1.56036 -0.28895,0.75128 -0.67904,1.43033 -0.39009,0.67904 -0.85242,1.21361 -0.44788,0.53457 -0.93911,0.86687 -0.49122,0.34675 -0.98245,0.43343 -0.99689,-0.11558 -1.53146,-0.65015 -0.52012,-0.52012 -0.52012,-1.44478 0,-0.49122 0.14448,-1.06913 0.15892,-0.57791 0.40453,-1.14138 0.26006,-0.57791 0.59236,-1.11248 0.34675,-0.54901 0.72239,-0.98244 0.39009,-0.43344 0.78018,-0.73684 0.39009,-0.3034 0.76573,-0.39009 z m -1.47367,6.94938 q 0.50567,-0.17337 1.01135,-0.76573 0.50567,-0.59236 0.91021,-1.38699 0.40453,-0.80907 0.65015,-1.71928 0.26006,-0.92466 0.26006,-1.77708 0,-0.24561 0,-0.3034 0,-0.0578 -0.0144,-0.11559 -0.34675,0.14448 -0.73684,0.49123 -0.39009,0.34674 -0.78018,0.80907 -0.39009,0.44788 -0.73684,0.98245 -0.34674,0.53457 -0.62125,1.06914 -0.27451,0.53457 -0.43343,1.02579 -0.15893,0.49123 -0.15893,0.86687 0,0.72239 0.65015,0.82352 z" />
             <path
                d="m 381.3284,119.45672 q 0.6646,-0.44788 1.3003,-1.14138 0.6357,-0.70794 1.15582,-1.51701 0.52013,-0.82353 0.88132,-1.70484 0.36119,-0.88132 0.49122,-1.69039 0,-0.17338 -0.18782,-0.23117 -0.20227,0 -0.56346,0.3612 -0.34675,0.34674 -0.78018,0.89576 -0.41899,0.54901 -0.86687,1.22806 -0.43343,0.67905 -0.79463,1.35809 -0.36119,0.6646 -0.62125,1.25696 -0.24561,0.57791 -0.27451,0.93911 -0.14448,0 -0.24561,-0.28896 -0.0289,-0.0722 -0.10114,-0.14448 -0.0722,-0.0867 -0.23116,-0.20227 -0.0722,-0.0578 -0.14448,-0.13003 -0.0722,-0.0867 -0.10113,-0.14448 -0.0578,-0.11558 -0.0578,-0.37564 0,-0.85242 0.21671,-1.92155 0.21672,-1.06914 0.56347,-2.18162 0.36119,-1.11248 0.83797,-2.18161 0.47678,-1.08359 0.98245,-1.97935 0.52012,-0.89576 1.04024,-1.51702 0.52012,-0.62125 0.98245,-0.82352 0.14448,0.0433 0.34674,0.14448 0.20227,0.10113 0.40454,0.23116 0.20227,0.13003 0.37564,0.26006 0.18783,0.13003 0.27451,0.23117 -1.58925,1.28585 -2.75952,3.30854 -1.15583,2.00824 -1.89266,4.75332 0.40453,-0.75128 0.91021,-1.44478 0.50567,-0.70794 0.99689,-1.24251 0.50568,-0.53457 0.95356,-0.85242 0.46233,-0.31785 0.76573,-0.31785 0.23116,0.0578 0.44788,0.20227 0.21672,0.14448 0.39009,0.3612 0.17337,0.20226 0.28896,0.44788 0.11558,0.23116 0.14447,0.49122 -0.0144,0.60681 -0.21671,1.3003 -0.18782,0.67905 -0.52012,1.34365 -0.31785,0.66459 -0.73684,1.2714 -0.40454,0.60681 -0.86687,1.06914 -0.44788,0.44788 -0.91021,0.72239 -0.44788,0.2745 -0.85242,0.2745 -0.17337,0 -0.36119,-0.0433 -0.17337,-0.0289 -0.3323,-0.10113 -0.14448,-0.0578 -0.24561,-0.13003 -0.0867,-0.0722 -0.0867,-0.14448 z" />
             <path
                d="m 392.00035,113.3742 q -0.0578,0.89576 -0.31785,1.54591 -0.26006,0.63571 -0.75129,1.12693 -0.47678,0.47678 -1.17027,0.86687 -0.69349,0.39009 -1.61815,0.75128 0,0.0867 -0.0145,0.18782 0,0.0867 0,0.18782 0,0.18783 0.0289,0.3901 0.0289,0.20226 0.10113,0.37564 0.0722,0.17337 0.20227,0.28895 0.13003,0.10114 0.3323,0.10114 0.39009,0 0.76573,-0.17338 0.37564,-0.17337 0.70794,-0.41898 0.34675,-0.26006 0.63571,-0.54902 0.3034,-0.3034 0.53456,-0.54901 0.14448,0.13003 0.24562,0.24561 -0.65015,0.86687 -1.43034,1.44478 -0.76573,0.56346 -1.45922,0.72239 -0.9969,-0.11559 -1.56036,-0.72239 -0.54902,-0.62126 -0.54902,-1.48812 0,-0.59236 0.15893,-1.19917 0.17337,-0.62125 0.46233,-1.18472 0.3034,-0.57791 0.69349,-1.08358 0.40454,-0.50567 0.85242,-0.88132 0.46233,-0.37564 0.93911,-0.59236 0.49122,-0.21671 0.968,-0.21671 0.6646,0.0867 1.24251,0.82352 z m -0.9969,0.47678 q -0.39009,0.0578 -0.80908,0.31785 -0.41898,0.26006 -0.79462,0.69349 -0.3612,0.43344 -0.6646,1.01135 -0.30341,0.57791 -0.47678,1.24251 1.15582,-0.57791 1.92156,-1.41589 0.76573,-0.85242 0.82352,-1.84931 z" />
             <path
                d="m 401.09635,113.51868 q 0.14448,0 0.3323,0.0578 0.20227,0.0433 0.3612,0.13003 0.15892,0.0722 0.26006,0.15893 0.11558,0.0867 0.11558,0.15892 -0.28896,0.60681 -0.53457,1.22806 -0.24561,0.60681 -0.41898,1.17027 -0.17338,0.56347 -0.27451,1.05469 -0.0867,0.49123 -0.0867,0.85242 0,0.40454 0.0867,0.67905 0.0867,0.26006 0.28895,0.37564 -0.17337,0.11558 -0.44788,0.18782 -0.2745,0.0722 -0.49122,0.0722 -0.78018,0 -0.78018,-1.06914 0,-0.82352 0.54901,-2.25385 -0.28895,0.6646 -0.66459,1.25696 -0.37565,0.57791 -0.76574,1.02579 -0.39009,0.44788 -0.79462,0.73684 -0.39009,0.2745 -0.72239,0.33229 -0.53457,-0.0289 -0.86687,-0.50567 -0.3323,-0.49122 -0.3323,-1.24251 0,-0.80907 0.34675,-1.70484 0.34674,-0.89576 0.88131,-1.66149 0.54902,-0.76573 1.18472,-1.27141 0.6357,-0.52012 1.22806,-0.54901 0.14448,0.0433 0.31785,0.17337 0.18782,0.13003 0.34675,0.30341 0.17337,0.17337 0.28896,0.36119 0.11558,0.17337 0.13003,0.3034 -0.57792,0.0867 -1.19917,0.56347 -0.60681,0.47677 -1.11248,1.15582 -0.49122,0.6646 -0.80908,1.43033 -0.31785,0.76573 -0.31785,1.43033 0,0.27451 0.20227,0.34675 0.41899,-0.0867 0.968,-0.70794 0.54902,-0.63571 1.3292,-1.95045 0.14448,-0.26006 0.31785,-0.57792 0.18782,-0.31785 0.37564,-0.66459 0.18782,-0.34675 0.3612,-0.6935 0.18782,-0.36119 0.34674,-0.69349 z" />
             <path
                d="m 402.89804,118.43093 q 0,-0.63571 0.30341,-1.77708 0.3034,-1.15582 0.85241,-2.68729 0.89577,-2.44168 1.67595,-4.05983 0.79463,-1.6326 1.54591,-2.54281 0.17337,0.0289 0.41899,0.14448 0.26006,0.11558 0.50567,0.26006 0.24561,0.13003 0.43343,0.27451 0.20227,0.14448 0.26006,0.23116 -1.12692,1.3292 -1.97934,2.86066 -0.85242,1.53147 -1.56036,3.51082 -0.60681,1.70483 -0.92466,3.07737 -0.31785,1.3581 -0.31785,2.26831 0,0.24561 0,0.3034 0,0.0578 0.0144,0.11558 -0.20227,-0.0289 -0.34674,-0.10113 -0.14448,-0.0722 -0.18782,-0.17338 -0.0289,-0.0722 -0.15893,-0.21671 -0.13003,-0.13003 -0.23116,-0.20227 -0.13003,-0.0867 -0.21672,-0.44788 -0.0867,-0.37565 -0.0867,-0.83797 z" />
             <path
                d="m 406.37228,118.76322 q 0,-0.28895 0.0578,-0.80907 0.0722,-0.52012 0.17337,-1.12693 0.11558,-0.60681 0.24561,-1.24251 0.14448,-0.6357 0.28896,-1.14137 0.18782,-0.67905 0.57791,-1.04024 0.40454,-0.37565 0.9969,-0.37565 0.31785,0 0.62125,0.10114 0.31785,0.10113 0.37565,0.26006 -0.41899,0.34675 -0.67905,0.86687 -0.24561,0.50567 -0.40454,1.09803 -0.14448,0.57791 -0.23116,1.19916 -0.0722,0.60681 -0.15893,1.14138 0.47678,-0.6357 0.89576,-1.14138 0.43344,-0.52012 0.76574,-0.82352 0.44788,-0.41899 0.6068,-0.69349 0.15893,-0.28896 0.27451,-0.62126 0.0867,-0.26006 0.20227,-0.60681 0.13003,-0.34674 0.41899,-0.6357 0.0578,-0.0144 0.24561,-0.0144 0.14448,0 0.3034,0.0144 0.17338,0.0144 0.31785,0.0578 0.14448,0.0434 0.24562,0.10114 0.10113,0.0578 0.11558,0.14448 -0.23117,0.3034 -0.43344,0.95355 -0.20226,0.6357 -0.36119,1.40143 -0.15893,0.76574 -0.28896,1.53147 -0.13003,0.75128 -0.23116,1.2714 0.0578,-0.0289 0.26006,-0.23116 0.20227,-0.20227 0.44788,-0.50567 0.26006,-0.30341 0.53457,-0.6646 0.28895,-0.3612 0.50567,-0.70794 0.27451,-0.41899 0.44788,-0.78018 0.18782,-0.37565 0.31785,-0.79463 0.14448,-0.41899 0.26006,-0.92466 0.11559,-0.52012 0.24562,-1.22806 0.0867,-0.11558 0.37564,-0.18782 0.3034,-0.0867 0.54901,-0.0867 0.21672,0 0.31786,0.0722 -0.0722,0.80908 -0.27451,1.44478 -0.18782,0.6357 -0.52012,1.24251 -0.3323,0.59236 -0.82353,1.19916 -0.49122,0.59236 -1.15582,1.3003 -0.27451,0.28896 -0.60681,0.63571 -0.31785,0.34674 -0.6357,0.65015 -0.3034,0.28895 -0.57791,0.49122 -0.26006,0.20227 -0.40454,0.20227 -0.3323,0 -0.54901,-0.26006 -0.21672,-0.26006 -0.21672,-0.6646 0,-0.41898 0.0289,-0.72239 0.0433,-0.31785 0.13003,-0.66459 0.0867,-0.31786 0.13003,-0.53457 0.0578,-0.21672 0.0867,-0.37564 0.0434,-0.15893 0.0578,-0.27451 0.0145,-0.11558 0.0289,-0.23117 -0.11558,0.0578 -0.3034,0.24562 -0.18783,0.17337 -0.39009,0.41898 -0.20227,0.23117 -0.40454,0.47678 -0.20227,0.24561 -0.3323,0.41898 -0.27451,0.37565 -0.47678,0.6646 -0.20227,0.28896 -0.39009,0.54902 -0.17337,0.26006 -0.34675,0.53457 -0.17337,0.26006 -0.40453,0.56346 -0.46233,-0.14448 -0.6646,-0.43343 -0.18782,-0.28896 -0.18782,-0.70795 z" />
             <path
                d="m 420.39769,113.51868 q 0.14448,0 0.3323,0.0578 0.20227,0.0433 0.3612,0.13003 0.15892,0.0722 0.26006,0.15893 0.11558,0.0867 0.11558,0.15892 -0.28896,0.60681 -0.53457,1.22806 -0.24561,0.60681 -0.41899,1.17027 -0.17337,0.56347 -0.2745,1.05469 -0.0867,0.49123 -0.0867,0.85242 0,0.40454 0.0867,0.67905 0.0867,0.26006 0.28895,0.37564 -0.17337,0.11558 -0.44788,0.18782 -0.27451,0.0722 -0.49122,0.0722 -0.78018,0 -0.78018,-1.06914 0,-0.82352 0.54901,-2.25385 -0.28895,0.6646 -0.6646,1.25696 -0.37564,0.57791 -0.76573,1.02579 -0.39009,0.44788 -0.79463,0.73684 -0.39009,0.2745 -0.72239,0.33229 -0.53456,-0.0289 -0.86686,-0.50567 -0.3323,-0.49122 -0.3323,-1.24251 0,-0.80907 0.34674,-1.70484 0.34675,-0.89576 0.88132,-1.66149 0.54902,-0.76573 1.18472,-1.27141 0.6357,-0.52012 1.22806,-0.54901 0.14448,0.0433 0.31785,0.17337 0.18782,0.13003 0.34675,0.30341 0.17337,0.17337 0.28895,0.36119 0.11559,0.17337 0.13003,0.3034 -0.57791,0.0867 -1.19916,0.56347 -0.60681,0.47677 -1.11248,1.15582 -0.49123,0.6646 -0.80908,1.43033 -0.31785,0.76573 -0.31785,1.43033 0,0.27451 0.20227,0.34675 0.41899,-0.0867 0.968,-0.70794 0.54902,-0.63571 1.3292,-1.95045 0.14448,-0.26006 0.31785,-0.57792 0.18782,-0.31785 0.37564,-0.66459 0.18782,-0.34675 0.3612,-0.6935 0.18782,-0.36119 0.34674,-0.69349 z" />
             <path
                d="m 427.58975,117.11618 q -0.3323,1.05468 -0.6646,1.92155 -0.33229,0.86687 -0.70794,1.58926 -0.37564,0.73684 -0.80907,1.34364 -0.43344,0.62126 -0.95356,1.17027 -0.66459,0.6935 -1.37254,1.05469 -0.70794,0.37564 -1.41588,0.37564 -0.36119,0 -0.72239,-0.0867 -0.34674,-0.0722 -0.65015,-0.21672 -0.31785,-0.13003 -0.54901,-0.31785 -0.24562,-0.17338 -0.34675,-0.37564 0,-0.17338 0.20227,-0.30341 0.17337,0.15893 0.28895,0.24561 0.11559,0.0867 0.23117,0.14448 0.10113,0.0578 0.23116,0.0722 0.11559,0.0144 0.27451,0.0144 0.82352,0 1.6037,-0.49123 0.79463,-0.47677 1.48813,-1.37253 0.70794,-0.88132 1.28585,-2.15272 0.57791,-1.25696 0.98245,-2.81732 -0.18782,0.28895 -0.46233,0.70794 -0.27451,0.41898 -0.60681,0.83797 -0.3323,0.40454 -0.69349,0.73684 -0.34675,0.3323 -0.67905,0.44788 -0.23116,-0.0145 -0.49122,-0.10114 -0.24561,-0.0722 -0.47678,-0.21671 -0.21672,-0.14448 -0.39009,-0.34675 -0.17337,-0.20227 -0.23116,-0.46233 0,-0.41898 0.0289,-0.6646 0.0289,-0.26006 0.10114,-0.56346 0.13003,-0.54902 0.37564,-1.24251 0.26006,-0.69349 0.59236,-1.35809 0.34675,-0.67905 0.75128,-1.25696 0.41899,-0.59236 0.86687,-0.92466 0.11558,0 0.28896,0.0289 0.17337,0.0144 0.36119,0.0722 0.18782,0.0578 0.3612,0.14448 0.17337,0.0722 0.3034,0.20227 -0.15893,0.14447 -0.6935,0.968 -0.53456,0.82352 -1.18471,2.36943 -0.0722,0.15893 -0.17338,0.46233 -0.10113,0.30341 -0.20227,0.6357 -0.0867,0.3323 -0.15892,0.65015 -0.0722,0.31786 -0.0722,0.50568 0,0.11558 0.0289,0.17337 0.0433,0.0578 0.0722,0.0867 0.26006,-0.0433 0.6935,-0.41899 0.43343,-0.39009 0.98245,-1.19916 0.34674,-0.52012 0.6357,-1.0258 0.28896,-0.52012 0.56346,-1.04024 0.28896,-0.52012 0.59236,-1.06913 0.30341,-0.54902 0.65015,-1.12693 0.18782,0 0.40454,0.0433 0.21672,0.0433 0.41899,0.11559 0.20227,0.0578 0.34674,0.14447 0.15893,0.0722 0.23117,0.15893 -0.44788,0.95355 -0.83797,1.86376 -0.39009,0.91021 -0.6935,1.86377 z" />
             <path
                d="m 434.19645,113.60537 q -0.0145,0.2745 -0.10113,0.57791 -0.0722,0.28895 -0.18782,0.53456 -0.11559,0.23117 -0.24562,0.39009 -0.13003,0.15893 -0.24561,0.15893 -0.15892,-0.0144 -0.18782,-0.21672 0,-0.0433 0.0289,-0.13003 0.0433,-0.10113 0.0867,-0.21671 0.0434,-0.11559 0.0722,-0.23117 0.0433,-0.11558 0.0433,-0.20227 0,-0.20227 -0.10113,-0.3323 -0.0867,-0.14447 -0.24561,-0.14447 -0.57791,0 -0.88132,0.72239 -0.3034,0.72238 -0.3034,2.12382 0,0.14448 0.0145,0.17337 0.3034,-0.0144 0.53457,-0.0144 0.24561,-0.0145 0.47677,-0.0145 0.0145,0.0289 0.0145,0.11558 0,0.13003 -0.0578,0.18782 -0.3323,0.0722 -0.53457,0.13003 -0.18782,0.0433 -0.28895,0.0867 -0.10114,0.0433 -0.13003,0.10113 -0.0144,0.0434 -0.0144,0.13003 0,0.11558 0,0.23117 0.0144,0.11558 0.0144,0.28895 0,1.21362 -0.6646,1.95045 -0.65015,0.73684 -1.82042,0.85242 -0.20227,-0.0144 -0.41899,-0.11558 -0.21672,-0.10113 -0.41898,-0.26006 -0.18783,-0.15893 -0.3323,-0.36119 -0.14448,-0.18783 -0.20227,-0.39009 0,-0.54902 0.23116,-1.04024 0.23117,-0.50568 0.62126,-0.88132 0.40453,-0.39009 0.9391,-0.62125 0.54902,-0.24562 1.18472,-0.28896 0,-0.36119 -0.0722,-0.70794 -0.0722,-0.34675 -0.15892,-0.6646 -0.0722,-0.3323 -0.14448,-0.6357 -0.0722,-0.31785 -0.0722,-0.62126 0,-0.39009 0.15893,-0.76573 0.15892,-0.39009 0.41898,-0.70794 0.26006,-0.3323 0.60681,-0.56346 0.34674,-0.23117 0.72239,-0.31786 0.15892,0.0434 0.41898,0.26006 0.27451,0.20227 0.53457,0.46233 0.26006,0.26006 0.46233,0.53457 0.20227,0.26006 0.24561,0.43344 z m -4.76777,6.58818 q 0.34675,-0.14447 0.65015,-0.41898 0.31785,-0.27451 0.54902,-0.62126 0.23116,-0.34674 0.36119,-0.73683 0.14448,-0.39009 0.14448,-0.76574 -0.28895,0.0434 -0.6357,0.27451 -0.34675,0.21672 -0.65015,0.53457 -0.3034,0.3034 -0.50567,0.6357 -0.20227,0.3323 -0.20227,0.57791 0,0.31786 0.28895,0.52012 z" />
             <path
                d="m 442.63374,113.51868 q 0.14448,0 0.3323,0.0578 0.20227,0.0433 0.36119,0.13003 0.15893,0.0722 0.26006,0.15893 0.11558,0.0867 0.11558,0.15892 -0.28895,0.60681 -0.53456,1.22806 -0.24562,0.60681 -0.41899,1.17027 -0.17337,0.56347 -0.27451,1.05469 -0.0867,0.49123 -0.0867,0.85242 0,0.40454 0.0867,0.67905 0.0867,0.26006 0.28896,0.37564 -0.17338,0.11558 -0.44788,0.18782 -0.27451,0.0722 -0.49123,0.0722 -0.78018,0 -0.78018,-1.06914 0,-0.82352 0.54902,-2.25385 -0.28896,0.6646 -0.6646,1.25696 -0.37564,0.57791 -0.76573,1.02579 -0.39009,0.44788 -0.79463,0.73684 -0.39009,0.2745 -0.72239,0.33229 -0.53457,-0.0289 -0.86687,-0.50567 -0.3323,-0.49122 -0.3323,-1.24251 0,-0.80907 0.34675,-1.70484 0.34675,-0.89576 0.88132,-1.66149 0.54901,-0.76573 1.18471,-1.27141 0.63571,-0.52012 1.22807,-0.54901 0.14447,0.0433 0.31785,0.17337 0.18782,0.13003 0.34674,0.30341 0.17338,0.17337 0.28896,0.36119 0.11558,0.17337 0.13003,0.3034 -0.57791,0.0867 -1.19917,0.56347 -0.6068,0.47677 -1.11248,1.15582 -0.49122,0.6646 -0.80907,1.43033 -0.31785,0.76573 -0.31785,1.43033 0,0.27451 0.20227,0.34675 0.41898,-0.0867 0.968,-0.70794 0.54901,-0.63571 1.32919,-1.95045 0.14448,-0.26006 0.31785,-0.57792 0.18783,-0.31785 0.37565,-0.66459 0.18782,-0.34675 0.36119,-0.6935 0.18782,-0.36119 0.34675,-0.69349 z" />
             <path
                d="m 445.04832,113.82208 q -0.0722,-0.0867 -0.13003,-0.36119 -0.0578,-0.28896 -0.0578,-0.49123 0.37564,0.0289 0.72239,0.0578 0.34674,0.0144 0.6357,0.0289 0.21672,-0.43343 0.46233,-0.85242 0.26006,-0.43343 0.49122,-0.78018 0.24561,-0.36119 0.44788,-0.60681 0.21672,-0.24561 0.3323,-0.31785 0.14448,0 0.3612,0.0578 0.23116,0.0433 0.46233,0.13003 0.23116,0.0722 0.41898,0.15893 0.18782,0.0867 0.26006,0.17337 -0.43343,0.54902 -0.75128,1.02579 -0.30341,0.46233 -0.6646,1.06914 0.28896,0 0.57791,-0.0145 0.3034,-0.0144 0.60681,-0.0433 0.0722,0.0722 0.11558,0.18782 0.0433,0.10114 0.0433,0.21672 -0.70794,0.26006 -1.71928,0.28895 -0.3612,0.6935 -0.65015,1.38699 -0.27451,0.67905 -0.47678,1.31475 -0.18782,0.6357 -0.3034,1.19916 -0.10114,0.56347 -0.10114,1.01135 0,0.6357 0.47678,0.70794 0.43343,-0.0578 0.82352,-0.21672 0.39009,-0.15892 0.6935,-0.40453 0.0867,0.13003 0.10113,0.21671 -0.0867,0.13003 -0.3034,0.30341 -0.20227,0.17337 -0.44788,0.3323 -0.24562,0.17337 -0.47678,0.28895 -0.23117,0.11558 -0.34675,0.13003 -0.36119,-0.0144 -0.72239,-0.15892 -0.36119,-0.14448 -0.66459,-0.3612 -0.28896,-0.21672 -0.47678,-0.47678 -0.18782,-0.2745 -0.18782,-0.53456 0,-0.34675 0.0867,-0.86687 0.10114,-0.53457 0.27451,-1.15582 0.17338,-0.62126 0.40454,-1.3003 0.23116,-0.67905 0.50567,-1.34365 z" />
             <path
                d="m 458.15021,117.11618 q -0.3323,1.05468 -0.6646,1.92155 -0.3323,0.86687 -0.70794,1.58926 -0.37564,0.73684 -0.80908,1.34364 -0.43343,0.62126 -0.95355,1.17027 -0.6646,0.6935 -1.37254,1.05469 -0.70794,0.37564 -1.41588,0.37564 -0.3612,0 -0.72239,-0.0867 -0.34675,-0.0722 -0.65015,-0.21672 -0.31785,-0.13003 -0.54902,-0.31785 -0.24561,-0.17338 -0.34675,-0.37564 0,-0.17338 0.20227,-0.30341 0.17338,0.15893 0.28896,0.24561 0.11558,0.0867 0.23116,0.14448 0.10114,0.0578 0.23117,0.0722 0.11558,0.0144 0.27451,0.0144 0.82352,0 1.6037,-0.49123 0.79463,-0.47677 1.48812,-1.37253 0.70794,-0.88132 1.28585,-2.15272 0.57792,-1.25696 0.98245,-2.81732 -0.18782,0.28895 -0.46233,0.70794 -0.2745,0.41898 -0.6068,0.83797 -0.3323,0.40454 -0.6935,0.73684 -0.34674,0.3323 -0.67904,0.44788 -0.23117,-0.0145 -0.49123,-0.10114 -0.24561,-0.0722 -0.47677,-0.21671 -0.21672,-0.14448 -0.39009,-0.34675 -0.17338,-0.20227 -0.23117,-0.46233 0,-0.41898 0.0289,-0.6646 0.0289,-0.26006 0.10113,-0.56346 0.13003,-0.54902 0.37564,-1.24251 0.26006,-0.69349 0.59236,-1.35809 0.34675,-0.67905 0.75129,-1.25696 0.41898,-0.59236 0.86687,-0.92466 0.11558,0 0.28895,0.0289 0.17337,0.0144 0.3612,0.0722 0.18782,0.0578 0.36119,0.14448 0.17337,0.0722 0.3034,0.20227 -0.15892,0.14447 -0.69349,0.968 -0.53457,0.82352 -1.18472,2.36943 -0.0722,0.15893 -0.17337,0.46233 -0.10114,0.30341 -0.20227,0.6357 -0.0867,0.3323 -0.15893,0.65015 -0.0722,0.31786 -0.0722,0.50568 0,0.11558 0.0289,0.17337 0.0433,0.0578 0.0722,0.0867 0.26006,-0.0433 0.69349,-0.41899 0.43344,-0.39009 0.98245,-1.19916 0.34675,-0.52012 0.6357,-1.0258 0.28896,-0.52012 0.56347,-1.04024 0.28895,-0.52012 0.59236,-1.06913 0.3034,-0.54902 0.65015,-1.12693 0.18782,0 0.40454,0.0433 0.21671,0.0433 0.41898,0.11559 0.20227,0.0578 0.34675,0.14447 0.15892,0.0722 0.23116,0.15893 -0.44788,0.95355 -0.83797,1.86376 -0.39009,0.91021 -0.69349,1.86377 z" />
             <path
                d="m 461.47726,119.86126 q -0.82352,-0.0867 -1.31475,-0.72239 -0.49122,-0.63571 -0.49122,-1.61816 0,-0.57791 0.17337,-1.19916 0.17337,-0.62126 0.49123,-1.19917 0.31785,-0.59236 0.75128,-1.11248 0.43343,-0.52012 0.93911,-0.89576 0.79462,-0.59236 1.48812,-0.59236 0.46233,0.24561 0.91021,1.02579 0.0722,0 0.13003,0 0.0578,-0.0144 0.13003,-0.0144 0.76573,0 0.76573,1.35809 0,0.91021 -0.3034,1.73373 -0.28896,0.80908 -0.82353,1.47368 -0.52012,0.66459 -1.25695,1.12692 -0.72239,0.44788 -1.58926,0.63571 z m 0.73684,-4.55106 q -0.24561,0.3323 -0.46233,0.72239 -0.21672,0.39009 -0.37564,0.79463 -0.15893,0.39009 -0.24562,0.76573 -0.0867,0.3612 -0.0867,0.65015 0,0.34675 0.11558,0.6646 0.11558,0.31785 0.26006,0.3612 0.65015,-0.14448 1.18472,-0.53457 0.54901,-0.40454 0.9391,-0.9969 0.40454,-0.59236 0.62126,-1.34364 0.23116,-0.75129 0.23116,-1.60371 0,-0.37564 -0.0433,-0.59236 -0.0433,-0.21671 -0.14448,-0.37564 -0.6357,0.18782 -1.14137,0.60681 -0.49123,0.41898 -0.85242,0.88131 z" />
             <path
                d="m 470.07955,119.03773 q -0.2745,-0.23116 -0.37564,-0.57791 -0.0867,-0.34675 -0.0867,-0.59236 0,-0.3034 0.0722,-0.52012 -0.0578,0 -0.26006,0.23117 -0.20227,0.23116 -0.44788,0.54901 -0.23116,0.31785 -0.46233,0.62126 -0.23116,0.3034 -0.34674,0.44788 -0.18782,0.20227 -0.3612,0.31785 -0.15892,0.11558 -0.26006,0.13003 -0.23116,-0.0145 -0.49122,-0.10114 -0.24562,-0.0722 -0.47678,-0.21671 -0.21672,-0.14448 -0.39009,-0.34675 -0.15893,-0.20227 -0.21672,-0.46233 0,-0.40454 0.0145,-0.6646 0.0289,-0.26006 0.10114,-0.56346 0.13003,-0.54902 0.37564,-1.24251 0.26006,-0.69349 0.59236,-1.35809 0.3323,-0.67905 0.73683,-1.25696 0.41899,-0.59236 0.88132,-0.92466 0.13003,0 0.3034,0.0289 0.17338,0.0144 0.34675,0.0722 0.18782,0.0578 0.34675,0.14448 0.17337,0.0722 0.28895,0.20227 -0.13003,0.14447 -0.6646,0.968 -0.52012,0.82352 -1.17027,2.36943 -0.0722,0.15893 -0.17337,0.46233 -0.10114,0.30341 -0.20227,0.6357 -0.10113,0.3323 -0.17337,0.65015 -0.0578,0.31786 -0.0578,0.50568 0,0.11558 0.0289,0.17337 0.0433,0.0578 0.0722,0.0867 0.21672,-0.0867 0.54902,-0.47678 0.3323,-0.39009 0.92465,-1.19917 0.14448,-0.20226 0.3323,-0.46232 0.20227,-0.26006 0.40454,-0.54902 0.20227,-0.3034 0.37564,-0.62125 0.18782,-0.31786 0.30341,-0.63571 0.0578,-0.17337 0.14447,-0.40454 0.10114,-0.24561 0.23117,-0.50567 0.14448,-0.26006 0.31785,-0.52012 0.18782,-0.27451 0.43343,-0.50567 0.18783,0 0.40454,0.0433 0.21672,0.0433 0.40454,0.11559 0.20227,0.0578 0.34675,0.14447 0.14447,0.0722 0.21671,0.15893 -0.26006,0.6357 -0.57791,1.25696 -0.31785,0.62125 -0.59236,1.22806 -0.2745,0.59236 -0.46233,1.18472 -0.18782,0.59235 -0.18782,1.15582 0,0.3034 0.0434,0.53457 0.0578,0.21671 0.11558,0.37564 0.0578,0.14448 0.10113,0.24561 0.0578,0.10114 0.0578,0.17337 0,0.0144 -0.0289,0.0433 -0.0145,0.0145 -0.0289,0.0145 -0.10113,0 -0.26006,-0.0434 -0.15892,-0.0433 -0.36119,-0.13003 -0.18782,-0.0722 -0.39009,-0.17337 -0.18782,-0.10114 -0.3612,-0.21672 z" />
             <path
                d="m 472.94225,119.06663 q 0.0722,-0.41899 0.24561,-1.09803 0.18782,-0.6935 0.43343,-1.45923 0.24561,-0.78018 0.52012,-1.56036 0.27451,-0.78018 0.53457,-1.40144 0.18782,-0.44788 0.3323,-0.69349 0.14448,-0.26006 0.31785,-0.43343 0.20227,0.0289 0.41899,0.10113 0.21671,0.0722 0.41898,0.17338 0.20227,0.10113 0.3612,0.21671 0.15892,0.10114 0.24561,0.20227 -0.39009,0.46233 -0.69349,1.05469 -0.28896,0.59236 -0.59236,1.51702 0.78018,-0.6935 1.37254,-1.3292 0.6068,-0.6357 1.12692,-1.41588 0.0867,-0.0722 0.30341,-0.0722 0.20227,0 0.39009,0.0722 0.18782,0.0578 0.26006,0.17337 -0.26006,0.69349 -0.26006,1.37254 0,0.6357 0.18782,0.95355 -0.0145,0.0867 -0.20227,0.3323 -0.17337,0.24562 -0.39009,0.46233 -0.39009,-0.20227 -0.6935,-0.54901 -0.3034,-0.3612 -0.44788,-0.78018 -0.67904,0.47677 -1.15582,0.9391 -0.47678,0.44788 -0.82352,1.01135 -0.3323,0.54901 -0.57791,1.2714 -0.23117,0.72239 -0.44789,1.71929 -0.13003,-0.0145 -0.31785,-0.10114 -0.17337,-0.0722 -0.36119,-0.18782 -0.17337,-0.11558 -0.31785,-0.24561 -0.14448,-0.13003 -0.18782,-0.24561 z" />
             <path
                d="m 483.8738,119.45672 q 0.6646,-0.44788 1.3003,-1.14138 0.63571,-0.70794 1.15583,-1.51701 0.52012,-0.82353 0.88131,-1.70484 0.3612,-0.88132 0.49123,-1.69039 0,-0.17338 -0.18782,-0.23117 -0.20227,0 -0.56347,0.3612 -0.34674,0.34674 -0.78018,0.89576 -0.41898,0.54901 -0.86687,1.22806 -0.43343,0.67905 -0.79462,1.35809 -0.3612,0.6646 -0.62126,1.25696 -0.24561,0.57791 -0.27451,0.93911 -0.14447,0 -0.24561,-0.28896 -0.0289,-0.0722 -0.10113,-0.14448 -0.0722,-0.0867 -0.23117,-0.20227 -0.0722,-0.0578 -0.14447,-0.13003 -0.0722,-0.0867 -0.10114,-0.14448 -0.0578,-0.11558 -0.0578,-0.37564 0,-0.85242 0.21672,-1.92155 0.21671,-1.06914 0.56346,-2.18162 0.36119,-1.11248 0.83797,-2.18161 0.47678,-1.08359 0.98245,-1.97935 0.52012,-0.89576 1.04024,-1.51702 0.52012,-0.62125 0.98245,-0.82352 0.14448,0.0433 0.34675,0.14448 0.20227,0.10113 0.40453,0.23116 0.20227,0.13003 0.37565,0.26006 0.18782,0.13003 0.27451,0.23117 -1.58926,1.28585 -2.75953,3.30854 -1.15582,2.00824 -1.89266,4.75332 0.40454,-0.75128 0.91021,-1.44478 0.50567,-0.70794 0.9969,-1.24251 0.50567,-0.53457 0.95355,-0.85242 0.46233,-0.31785 0.76573,-0.31785 0.23117,0.0578 0.44788,0.20227 0.21672,0.14448 0.39009,0.3612 0.17338,0.20226 0.28896,0.44788 0.11558,0.23116 0.14448,0.49122 -0.0145,0.60681 -0.21672,1.3003 -0.18782,0.67905 -0.52012,1.34365 -0.31785,0.66459 -0.73684,1.2714 -0.40453,0.60681 -0.86686,1.06914 -0.44788,0.44788 -0.91021,0.72239 -0.44789,0.2745 -0.85242,0.2745 -0.17338,0 -0.3612,-0.0433 -0.17337,-0.0289 -0.3323,-0.10113 -0.14447,-0.0578 -0.24561,-0.13003 -0.0867,-0.0722 -0.0867,-0.14448 z" />
             <path
                d="m 494.35792,113.51868 q 0.14448,0 0.3323,0.0578 0.20227,0.0433 0.36119,0.13003 0.15893,0.0722 0.26006,0.15893 0.11559,0.0867 0.11559,0.15892 -0.28896,0.60681 -0.53457,1.22806 -0.24561,0.60681 -0.41899,1.17027 -0.17337,0.56347 -0.27451,1.05469 -0.0867,0.49123 -0.0867,0.85242 0,0.40454 0.0867,0.67905 0.0867,0.26006 0.28896,0.37564 -0.17337,0.11558 -0.44788,0.18782 -0.27451,0.0722 -0.49123,0.0722 -0.78018,0 -0.78018,-1.06914 0,-0.82352 0.54902,-2.25385 -0.28896,0.6646 -0.6646,1.25696 -0.37564,0.57791 -0.76573,1.02579 -0.39009,0.44788 -0.79463,0.73684 -0.39009,0.2745 -0.72239,0.33229 -0.53457,-0.0289 -0.86686,-0.50567 -0.3323,-0.49122 -0.3323,-1.24251 0,-0.80907 0.34674,-1.70484 0.34675,-0.89576 0.88132,-1.66149 0.54901,-0.76573 1.18472,-1.27141 0.6357,-0.52012 1.22806,-0.54901 0.14448,0.0433 0.31785,0.17337 0.18782,0.13003 0.34675,0.30341 0.17337,0.17337 0.28895,0.36119 0.11558,0.17337 0.13003,0.3034 -0.57791,0.0867 -1.19916,0.56347 -0.60681,0.47677 -1.11248,1.15582 -0.49123,0.6646 -0.80908,1.43033 -0.31785,0.76573 -0.31785,1.43033 0,0.27451 0.20227,0.34675 0.41898,-0.0867 0.968,-0.70794 0.54902,-0.63571 1.3292,-1.95045 0.14447,-0.26006 0.31785,-0.57792 0.18782,-0.31785 0.37564,-0.66459 0.18782,-0.34675 0.36119,-0.6935 0.18782,-0.36119 0.34675,-0.69349 z" />
             <path
                d="m 496.14787,116.81277 q 0,-0.82352 0.33229,-1.58925 0.34675,-0.78018 0.89577,-1.37254 0.56346,-0.60681 1.2714,-0.968 0.72239,-0.37565 1.48812,-0.37565 0.75129,0 1.15583,0.37565 0.40453,0.37564 0.40453,1.06913 0,0.3323 -0.10113,0.65015 -0.0867,0.30341 -0.24561,0.54902 -0.14448,0.24561 -0.34675,0.40454 -0.20227,0.14447 -0.40454,0.14447 -0.17337,0 -0.36119,-0.10113 -0.17337,-0.11558 -0.28896,-0.28896 0.968,-0.88131 0.968,-1.6037 0,-0.41899 -0.33229,-0.41899 -0.28896,0 -0.72239,0.27451 -0.43344,0.27451 -0.83798,0.72239 -0.62125,0.69349 -0.95355,1.54591 -0.31785,0.83798 -0.31785,1.76263 0,1.17027 0.52012,1.40144 0.21672,-0.0289 0.50567,-0.13003 0.28896,-0.10114 0.62126,-0.26006 0.3323,-0.17337 0.67904,-0.39009 0.3612,-0.21672 0.6935,-0.46233 0.0578,0.0433 0.10113,0.13003 0.0433,0.0867 0.0433,0.15892 -0.24561,0.30341 -0.56346,0.59236 -0.31785,0.28896 -0.6646,0.53457 -0.34674,0.23117 -0.67904,0.39009 -0.31785,0.17338 -0.56347,0.21672 -0.47677,-0.0433 -0.89576,-0.3034 -0.41898,-0.24562 -0.73684,-0.65015 -0.3034,-0.40454 -0.49122,-0.92466 -0.17337,-0.52012 -0.17337,-1.08359 z" />
             <path
                d="m 502.15702,117.99749 q 0,-0.52012 0.26006,-1.44478 0.2745,-0.92465 0.70794,-2.02269 0.43343,-1.09803 0.98245,-2.2683 0.54901,-1.17027 1.09803,-2.18161 0.56346,-1.01135 1.06913,-1.74819 0.52012,-0.73683 0.88132,-0.99689 0.20227,0.0144 0.43343,0.17337 0.24561,0.15893 0.44788,0.39009 0.20227,0.21672 0.3323,0.46233 0.14448,0.24561 0.14448,0.44788 -0.65015,0.52012 -1.3292,1.34365 -0.66459,0.80907 -1.2714,1.79152 -0.60681,0.968 -1.12693,2.06603 -0.50567,1.08359 -0.85242,2.13828 0.46233,-0.79463 0.968,-1.44478 0.50568,-0.65015 1.01135,-1.11248 0.50567,-0.46233 0.98245,-0.70794 0.49122,-0.26006 0.92466,-0.27451 0.6357,0.46233 0.6357,1.22806 0,0.46233 -0.18782,0.93911 -0.18782,0.46232 -0.50567,0.86686 -0.30341,0.39009 -0.70795,0.67905 -0.39009,0.27451 -0.82352,0.36119 0.14448,0.50568 0.36119,1.0258 0.23117,0.52012 0.53457,1.01134 0.31785,0.49123 0.70794,0.91021 0.40454,0.41899 0.91021,0.70794 -0.0722,0.14448 -0.21671,0.28896 -0.14448,0.14448 -0.34675,0.24561 -0.20227,0.11558 -0.44788,0.17337 -0.23116,0.0722 -0.46233,0.0722 -0.39009,0 -0.73684,-0.39009 -0.3323,-0.39009 -0.6068,-1.12692 -0.21672,-0.59236 -0.41899,-1.41589 -0.20227,-0.82352 -0.36119,-1.71928 0.20227,-0.13003 0.50567,-0.37565 0.3034,-0.26006 0.6357,-0.59235 1.27141,-1.22807 1.27141,-2.12383 0,-0.11558 -0.15893,-0.11558 -0.28896,0.0145 -0.67905,0.27451 -0.39009,0.26006 -0.83797,0.72239 -0.43343,0.46232 -0.89576,1.08358 -0.44788,0.62125 -0.86687,1.34364 -0.17337,0.28896 -0.31785,0.6646 -0.14448,0.37564 -0.26006,0.78018 -0.10113,0.39009 -0.15892,0.78018 -0.0578,0.39009 -0.0578,0.72239 0,0.20227 0.0433,0.3323 -0.44788,-0.0433 -0.54902,-0.23116 -0.11558,-0.17338 -0.20227,-0.28896 -0.0722,-0.10113 -0.15892,-0.17337 -0.13003,-0.10114 -0.21672,-0.43344 -0.0867,-0.3323 -0.0867,-0.83797 z" />
             <path
                d="m 509.9823,119.9046 q -0.23116,-0.0289 -0.49122,-0.20227 -0.24561,-0.15893 -0.31785,-0.36119 0,-0.17338 0.0433,-0.44789 0.0578,-0.2745 0.13003,-0.54901 0.0722,-0.28896 0.14448,-0.53457 0.0722,-0.26006 0.10113,-0.39009 0.17338,0 0.43344,0.0867 0.2745,0.0867 0.54901,0.24561 0.28896,0.14448 0.53457,0.34675 0.26006,0.18782 0.39009,0.39009 -0.13003,0.28895 -0.3323,0.54901 -0.20227,0.26006 -0.43343,0.44788 -0.21672,0.20227 -0.41899,0.30341 -0.20227,0.11558 -0.3323,0.11558 z" />
           </g>
         </g>
       </symbol>
